7.222337E-06
8.131360E-04
1.611566E-03
2.409734E-03
3.207637E-03
4.005275E-03
4.802645E-03
5.599746E-03
6.396577E-03
7.193136E-03
7.989422E-03
8.785433E-03
9.581168E-03
1.037663E-02
1.117180E-02
1.196670E-02
1.276132E-02
1.355565E-02
1.434970E-02
1.514347E-02
1.593695E-02
1.673014E-02
1.752304E-02
1.831566E-02
1.910798E-02
1.990001E-02
2.069175E-02
2.148319E-02
2.227434E-02
2.306519E-02
2.385574E-02
2.464600E-02
2.543596E-02
2.622562E-02
2.701498E-02
2.780403E-02
2.859279E-02
2.938124E-02
3.016938E-02
3.095723E-02
3.174476E-02
3.253199E-02
3.331892E-02
3.410553E-02
3.489184E-02
3.567784E-02
3.646352E-02
3.724890E-02
3.803397E-02
3.881872E-02
3.960317E-02
4.038730E-02
4.117112E-02
4.195462E-02
4.273781E-02
4.352068E-02
4.430324E-02
4.508548E-02
4.586741E-02
4.664902E-02
4.743031E-02
4.821129E-02
4.899194E-02
4.977228E-02
5.055230E-02
5.133200E-02
5.211138E-02
5.289045E-02
5.366919E-02
5.444761E-02
5.522571E-02
5.600349E-02
5.678095E-02
5.755808E-02
5.833490E-02
5.911139E-02
5.988756E-02
6.066341E-02
6.143894E-02
6.221414E-02
6.298902E-02
6.376358E-02
6.453781E-02
6.531172E-02
6.608530E-02
6.685857E-02
6.763150E-02
6.840412E-02
6.917641E-02
6.994837E-02
7.072002E-02
7.149133E-02
7.226233E-02
7.303299E-02
7.380334E-02
7.457335E-02
7.534305E-02
7.611242E-02
7.688146E-02
7.765018E-02
7.841857E-02
7.918664E-02
7.995439E-02
8.072180E-02
8.148890E-02
8.225567E-02
8.302211E-02
8.378823E-02
8.455403E-02
8.531950E-02
8.608464E-02
8.684946E-02
8.761395E-02
8.837813E-02
8.914197E-02
8.990549E-02
9.066869E-02
9.143156E-02
9.219411E-02
9.295633E-02
9.371823E-02
9.447980E-02
9.524105E-02
9.600198E-02
9.676258E-02
9.752286E-02
9.828281E-02
9.904244E-02
9.980175E-02
1.005607E-01
1.013194E-01
1.020777E-01
1.028357E-01
1.035934E-01
1.043508E-01
1.051078E-01
1.058646E-01
1.066209E-01
1.073770E-01
1.081328E-01
1.088882E-01
1.096433E-01
1.103981E-01
1.111526E-01
1.119067E-01
1.126605E-01
1.134140E-01
1.141672E-01
1.149200E-01
1.156726E-01
1.164248E-01
1.171766E-01
1.179282E-01
1.186795E-01
1.194304E-01
1.201810E-01
1.209313E-01
1.216812E-01
1.224309E-01
1.231802E-01
1.239292E-01
1.246779E-01
1.254262E-01
1.261742E-01
1.269220E-01
1.276694E-01
1.284164E-01
1.291632E-01
1.299096E-01
1.306557E-01
1.314015E-01
1.321470E-01
1.328922E-01
1.336370E-01
1.343815E-01
1.351257E-01
1.358696E-01
1.366132E-01
1.373564E-01
1.380993E-01
1.388419E-01
1.395842E-01
1.403262E-01
1.410678E-01
1.418092E-01
1.425502E-01
1.432909E-01
1.440312E-01
1.447713E-01
1.455110E-01
1.462504E-01
1.469895E-01
1.477283E-01
1.484668E-01
1.492049E-01
1.499427E-01
1.506803E-01
1.514174E-01
1.521543E-01
1.528909E-01
1.536271E-01
1.543630E-01
1.550986E-01
1.558339E-01
1.565689E-01
1.573035E-01
1.580378E-01
1.587718E-01
1.595055E-01
1.602389E-01
1.609720E-01
1.617047E-01
1.624371E-01
1.631692E-01
1.639010E-01
1.646325E-01
1.653636E-01
1.660945E-01
1.668250E-01
1.675552E-01
1.682851E-01
1.690146E-01
1.697439E-01
1.704728E-01
1.712014E-01
1.719297E-01
1.726577E-01
1.733853E-01
1.741126E-01
1.748397E-01
1.755664E-01
1.762927E-01
1.770188E-01
1.777446E-01
1.784700E-01
1.791951E-01
1.799199E-01
1.806444E-01
1.813685E-01
1.820923E-01
1.828159E-01
1.835391E-01
1.842620E-01
1.849845E-01
1.857068E-01
1.864287E-01
1.871503E-01
1.878716E-01
1.885926E-01
1.893132E-01
1.900336E-01
1.907536E-01
1.914733E-01
1.921926E-01
1.929117E-01
1.936304E-01
1.943489E-01
1.950670E-01
1.957848E-01
1.965022E-01
1.972194E-01
1.979362E-01
1.986527E-01
1.993689E-01
2.000848E-01
2.008003E-01
2.015155E-01
2.022305E-01
2.029451E-01
2.036593E-01
2.043733E-01
2.050869E-01
2.058002E-01
2.065132E-01
2.072259E-01
2.079383E-01
2.086503E-01
2.093620E-01
2.100734E-01
2.107845E-01
2.114952E-01
2.122057E-01
2.129158E-01
2.136256E-01
2.143351E-01
2.150442E-01
2.157530E-01
2.164616E-01
2.171698E-01
2.178776E-01
2.185852E-01
2.192924E-01
2.199993E-01
2.207059E-01
2.214122E-01
2.221181E-01
2.228238E-01
2.235291E-01
2.242341E-01
2.249387E-01
2.256431E-01
2.263471E-01
2.270508E-01
2.277542E-01
2.284573E-01
2.291600E-01
2.298624E-01
2.305645E-01
2.312663E-01
2.319677E-01
2.326689E-01
2.333697E-01
2.340702E-01
2.347704E-01
2.354702E-01
2.361697E-01
2.368690E-01
2.375678E-01
2.382664E-01
2.389646E-01
2.396626E-01
2.403602E-01
2.410574E-01
2.417544E-01
2.424510E-01
2.431474E-01
2.438433E-01
2.445390E-01
2.452344E-01
2.459294E-01
2.466241E-01
2.473185E-01
2.480126E-01
2.487063E-01
2.493997E-01
2.500928E-01
2.507856E-01
2.514780E-01
2.521702E-01
2.528620E-01
2.535535E-01
2.542446E-01
2.549355E-01
2.556260E-01
2.563162E-01
2.570061E-01
2.576957E-01
2.583849E-01
2.590738E-01
2.597624E-01
2.604507E-01
2.611386E-01
2.618263E-01
2.625136E-01
2.632006E-01
2.638872E-01
2.645736E-01
2.652596E-01
2.659453E-01
2.666307E-01
2.673157E-01
2.680005E-01
2.686849E-01
2.693690E-01
2.700527E-01
2.707362E-01
2.714193E-01
2.721021E-01
2.727846E-01
2.734668E-01
2.741486E-01
2.748301E-01
2.755113E-01
2.761922E-01
2.768728E-01
2.775530E-01
2.782329E-01
2.789125E-01
2.795918E-01
2.802707E-01
2.809494E-01
2.816277E-01
2.823057E-01
2.829833E-01
2.836607E-01
2.843377E-01
2.850144E-01
2.856908E-01
2.863669E-01
2.870426E-01
2.877180E-01
2.883931E-01
2.890679E-01
2.897424E-01
2.904165E-01
2.910903E-01
2.917638E-01
2.924370E-01
2.931098E-01
2.937824E-01
2.944546E-01
2.951265E-01
2.957981E-01
2.964693E-01
2.971402E-01
2.978109E-01
2.984812E-01
2.991511E-01
2.998208E-01
3.004901E-01
3.011591E-01
3.018278E-01
3.024962E-01
3.031642E-01
3.038320E-01
3.044994E-01
3.051665E-01
3.058332E-01
3.064997E-01
3.071658E-01
3.078316E-01
3.084971E-01
3.091623E-01
3.098272E-01
3.104917E-01
3.111559E-01
3.118198E-01
3.124834E-01
3.131466E-01
3.138096E-01
3.144722E-01
3.151345E-01
3.157965E-01
3.164581E-01
3.171194E-01
3.177805E-01
3.184412E-01
3.191015E-01
3.197616E-01
3.204213E-01
3.210808E-01
3.217399E-01
3.223987E-01
3.230571E-01
3.237153E-01
3.243731E-01
3.250306E-01
3.256878E-01
3.263446E-01
3.270012E-01
3.276574E-01
3.283133E-01
3.289689E-01
3.296242E-01
3.302791E-01
3.309338E-01
3.315881E-01
3.322421E-01
3.328958E-01
3.335491E-01
3.342022E-01
3.348549E-01
3.355073E-01
3.361594E-01
3.368111E-01
3.374626E-01
3.381137E-01
3.387645E-01
3.394150E-01
3.400652E-01
3.407150E-01
3.413645E-01
3.420137E-01
3.426626E-01
3.433112E-01
3.439595E-01
3.446074E-01
3.452550E-01
3.459023E-01
3.465493E-01
3.471960E-01
3.478423E-01
3.484883E-01
3.491340E-01
3.497794E-01
3.504245E-01
3.510692E-01
3.517136E-01
3.523577E-01
3.530015E-01
3.536450E-01
3.542882E-01
3.549310E-01
3.555735E-01
3.562157E-01
3.568576E-01
3.574991E-01
3.581404E-01
3.587813E-01
3.594219E-01
3.600622E-01
3.607021E-01
3.613418E-01
3.619811E-01
3.626201E-01
3.632588E-01
3.638971E-01
3.645352E-01
3.651729E-01
3.658103E-01
3.664474E-01
3.670841E-01
3.677206E-01
3.683567E-01
3.689925E-01
3.696280E-01
3.702632E-01
3.708980E-01
3.715326E-01
3.721668E-01
3.728007E-01
3.734342E-01
3.740675E-01
3.747004E-01
3.753330E-01
3.759653E-01
3.765973E-01
3.772290E-01
3.778603E-01
3.784913E-01
3.791220E-01
3.797524E-01
3.803824E-01
3.810122E-01
3.816416E-01
3.822707E-01
3.828995E-01
3.835279E-01
3.841561E-01
3.847839E-01
3.854114E-01
3.860386E-01
3.866654E-01
3.872919E-01
3.879182E-01
3.885441E-01
3.891696E-01
3.897949E-01
3.904198E-01
3.910444E-01
3.916687E-01
3.922927E-01
3.929164E-01
3.935397E-01
3.941627E-01
3.947854E-01
3.954078E-01
3.960298E-01
3.966516E-01
3.972730E-01
3.978941E-01
3.985148E-01
3.991353E-01
3.997554E-01
4.003752E-01
4.009947E-01
4.016139E-01
4.022327E-01
4.028513E-01
4.034695E-01
4.040873E-01
4.047049E-01
4.053222E-01
4.059391E-01
4.065557E-01
4.071720E-01
4.077879E-01
4.084036E-01
4.090189E-01
4.096339E-01
4.102486E-01
4.108629E-01
4.114769E-01
4.120907E-01
4.127041E-01
4.133171E-01
4.139299E-01
4.145423E-01
4.151544E-01
4.157662E-01
4.163777E-01
4.169888E-01
4.175996E-01
4.182101E-01
4.188203E-01
4.194302E-01
4.200397E-01
4.206490E-01
4.212579E-01
4.218664E-01
4.224747E-01
4.230826E-01
4.236902E-01
4.242975E-01
4.249045E-01
4.255112E-01
4.261175E-01
4.267235E-01
4.273292E-01
4.279346E-01
4.285396E-01
4.291443E-01
4.297487E-01
4.303528E-01
4.309566E-01
4.315600E-01
4.321631E-01
4.327659E-01
4.333684E-01
4.339706E-01
4.345724E-01
4.351739E-01
4.357751E-01
4.363760E-01
4.369765E-01
4.375768E-01
4.381767E-01
4.387763E-01
4.393755E-01
4.399745E-01
4.405731E-01
4.411714E-01
4.417694E-01
4.423671E-01
4.429644E-01
4.435614E-01
4.441581E-01
4.447545E-01
4.453506E-01
4.459463E-01
4.465417E-01
4.471368E-01
4.477316E-01
4.483260E-01
4.489202E-01
4.495140E-01
4.501075E-01
4.507006E-01
4.512935E-01
4.518860E-01
4.524782E-01
4.530701E-01
4.536617E-01
4.542529E-01
4.548439E-01
4.554345E-01
4.560247E-01
4.566147E-01
4.572044E-01
4.577937E-01
4.583827E-01
4.589714E-01
4.595597E-01
4.601478E-01
4.607355E-01
4.613229E-01
4.619100E-01
4.624967E-01
4.630832E-01
4.636693E-01
4.642551E-01
4.648405E-01
4.654257E-01
4.660105E-01
4.665951E-01
4.671792E-01
4.677631E-01
4.683467E-01
4.689299E-01
4.695128E-01
4.700954E-01
4.706777E-01
4.712596E-01
4.718413E-01
4.724226E-01
4.730036E-01
4.735843E-01
4.741646E-01
4.747447E-01
4.753244E-01
4.759038E-01
4.764828E-01
4.770616E-01
4.776400E-01
4.782181E-01
4.787959E-01
4.793734E-01
4.799506E-01
4.805274E-01
4.811039E-01
4.816801E-01
4.822560E-01
4.828315E-01
4.834068E-01
4.839817E-01
4.845563E-01
4.851306E-01
4.857045E-01
4.862781E-01
4.868515E-01
4.874245E-01
4.879971E-01
4.885695E-01
4.891415E-01
4.897133E-01
4.902847E-01
4.908557E-01
4.914265E-01
4.919969E-01
4.925671E-01
4.931369E-01
4.937064E-01
4.942755E-01
4.948444E-01
4.954129E-01
4.959811E-01
4.965490E-01
4.971165E-01
4.976838E-01
4.982507E-01
4.988173E-01
4.993836E-01
4.999496E-01
5.005152E-01
5.010806E-01
5.016456E-01
5.022103E-01
5.027746E-01
5.033387E-01
5.039024E-01
5.044658E-01
5.050289E-01
5.055917E-01
5.061542E-01
5.067163E-01
5.072781E-01
5.078396E-01
5.084008E-01
5.089617E-01
5.095222E-01
5.100824E-01
5.106423E-01
5.112019E-01
5.117612E-01
5.123201E-01
5.128787E-01
5.134370E-01
5.139950E-01
5.145527E-01
5.151100E-01
5.156671E-01
5.162238E-01
5.167802E-01
5.173362E-01
5.178920E-01
5.184474E-01
5.190025E-01
5.195573E-01
5.201118E-01
5.206660E-01
5.212198E-01
5.217733E-01
5.223265E-01
5.228794E-01
5.234319E-01
5.239842E-01
5.245361E-01
5.250877E-01
5.256390E-01
5.261899E-01
5.267406E-01
5.272909E-01
5.278409E-01
5.283906E-01
5.289399E-01
5.294890E-01
5.300377E-01
5.305861E-01
5.311342E-01
5.316819E-01
5.322294E-01
5.327765E-01
5.333233E-01
5.338698E-01
5.344160E-01
5.349618E-01
5.355073E-01
5.360525E-01
5.365974E-01
5.371420E-01
5.376862E-01
5.382302E-01
5.387738E-01
5.393171E-01
5.398600E-01
5.404027E-01
5.409450E-01
5.414870E-01
5.420287E-01
5.425701E-01
5.431111E-01
5.436519E-01
5.441923E-01
5.447324E-01
5.452721E-01
5.458116E-01
5.463507E-01
5.468895E-01
5.474280E-01
5.479662E-01
5.485040E-01
5.490415E-01
5.495788E-01
5.501156E-01
5.506522E-01
5.511885E-01
5.517244E-01
5.522600E-01
5.527953E-01
5.533302E-01
5.538649E-01
5.543992E-01
5.549332E-01
5.554669E-01
5.560003E-01
5.565333E-01
5.570660E-01
5.575985E-01
5.581305E-01
5.586623E-01
5.591937E-01
5.597249E-01
5.602557E-01
5.607862E-01
5.613163E-01
5.618462E-01
5.623757E-01
5.629049E-01
5.634338E-01
5.639623E-01
5.644906E-01
5.650185E-01
5.655461E-01
5.660733E-01
5.666003E-01
5.671269E-01
5.676533E-01
5.681792E-01
5.687049E-01
5.692303E-01
5.697553E-01
5.702800E-01
5.708044E-01
5.713285E-01
5.718522E-01
5.723757E-01
5.728988E-01
5.734216E-01
5.739440E-01
5.744662E-01
5.749880E-01
5.755095E-01
5.760307E-01
5.765515E-01
5.770721E-01
5.775923E-01
5.781122E-01
5.786318E-01
5.791510E-01
5.796700E-01
5.801886E-01
5.807069E-01
5.812249E-01
5.817425E-01
5.822599E-01
5.827769E-01
5.832936E-01
5.838099E-01
5.843260E-01
5.848417E-01
5.853571E-01
5.858722E-01
5.863870E-01
5.869014E-01
5.874156E-01
5.879294E-01
5.884428E-01
5.889560E-01
5.894688E-01
5.899814E-01
5.904936E-01
5.910055E-01
5.915170E-01
5.920283E-01
5.925392E-01
5.930498E-01
5.935600E-01
5.940700E-01
5.945796E-01
5.950889E-01
5.955979E-01
5.961066E-01
5.966150E-01
5.971230E-01
5.976307E-01
5.981381E-01
5.986452E-01
5.991519E-01
5.996583E-01
6.001644E-01
6.006702E-01
6.011757E-01
6.016808E-01
6.021857E-01
6.026902E-01
6.031943E-01
6.036982E-01
6.042018E-01
6.047050E-01
6.052079E-01
6.057105E-01
6.062127E-01
6.067146E-01
6.072163E-01
6.077176E-01
6.082185E-01
6.087192E-01
6.092195E-01
6.097195E-01
6.102192E-01
6.107186E-01
6.112177E-01
6.117164E-01
6.122148E-01
6.127129E-01
6.132107E-01
6.137081E-01
6.142053E-01
6.147021E-01
6.151986E-01
6.156947E-01
6.161906E-01
6.166861E-01
6.171813E-01
6.176762E-01
6.181708E-01
6.186650E-01
6.191590E-01
6.196526E-01
6.201459E-01
6.206388E-01
6.211315E-01
6.216238E-01
6.221158E-01
6.226075E-01
6.230989E-01
6.235899E-01
6.240806E-01
6.245710E-01
6.250611E-01
6.255509E-01
6.260403E-01
6.265295E-01
6.270183E-01
6.275068E-01
6.279949E-01
6.284828E-01
6.289703E-01
6.294575E-01
6.299444E-01
6.304310E-01
6.309172E-01
6.314031E-01
6.318888E-01
6.323740E-01
6.328590E-01
6.333437E-01
6.338280E-01
6.343120E-01
6.347957E-01
6.352790E-01
6.357621E-01
6.362448E-01
6.367272E-01
6.372093E-01
6.376911E-01
6.381725E-01
6.386537E-01
6.391345E-01
6.396150E-01
6.400951E-01
6.405750E-01
6.410545E-01
6.415337E-01
6.420126E-01
6.424912E-01
6.429695E-01
6.434474E-01
6.439250E-01
6.444023E-01
6.448793E-01
6.453559E-01
6.458323E-01
6.463083E-01
6.467840E-01
6.472594E-01
6.477344E-01
6.482092E-01
6.486836E-01
6.491577E-01
6.496315E-01
6.501049E-01
6.505781E-01
6.510509E-01
6.515234E-01
6.519956E-01
6.524674E-01
6.529390E-01
6.534102E-01
6.538811E-01
6.543517E-01
6.548219E-01
6.552919E-01
6.557615E-01
6.562308E-01
6.566998E-01
6.571685E-01
6.576368E-01
6.581048E-01
6.585726E-01
6.590399E-01
6.595070E-01
6.599738E-01
6.604402E-01
6.609063E-01
6.613721E-01
6.618376E-01
6.623027E-01
6.627675E-01
6.632321E-01
6.636963E-01
6.641601E-01
6.646237E-01
6.650869E-01
6.655498E-01
6.660124E-01
6.664747E-01
6.669367E-01
6.673983E-01
6.678596E-01
6.683206E-01
6.687813E-01
6.692416E-01
6.697017E-01
6.701614E-01
6.706208E-01
6.710799E-01
6.715386E-01
6.719971E-01
6.724552E-01
6.729130E-01
6.733705E-01
6.738276E-01
6.742845E-01
6.747410E-01
6.751972E-01
6.756531E-01
6.761087E-01
6.765639E-01
6.770188E-01
6.774734E-01
6.779277E-01
6.783817E-01
6.788353E-01
6.792886E-01
6.797416E-01
6.801943E-01
6.806467E-01
6.810987E-01
6.815505E-01
6.820019E-01
6.824529E-01
6.829037E-01
6.833542E-01
6.838043E-01
6.842541E-01
6.847036E-01
6.851527E-01
6.856016E-01
6.860501E-01
6.864983E-01
6.869462E-01
6.873938E-01
6.878410E-01
6.882879E-01
6.887345E-01
6.891808E-01
6.896268E-01
6.900724E-01
6.905177E-01
6.909627E-01
6.914074E-01
6.918518E-01
6.922958E-01
6.927396E-01
6.931830E-01
6.936260E-01
6.940688E-01
6.945112E-01
6.949534E-01
6.953952E-01
6.958367E-01
6.962778E-01
6.967187E-01
6.971592E-01
6.975994E-01
6.980393E-01
6.984788E-01
6.989180E-01
6.993570E-01
6.997956E-01
7.002338E-01
7.006718E-01
7.011094E-01
7.015468E-01
7.019837E-01
7.024204E-01
7.028568E-01
7.032928E-01
7.037285E-01
7.041639E-01
7.045990E-01
7.050337E-01
7.054682E-01
7.059023E-01
7.063361E-01
7.067696E-01
7.072027E-01
7.076355E-01
7.080680E-01
7.085002E-01
7.089321E-01
7.093636E-01
7.097949E-01
7.102258E-01
7.106564E-01
7.110866E-01
7.115166E-01
7.119462E-01
7.123755E-01
7.128045E-01
7.132331E-01
7.136615E-01
7.140895E-01
7.145172E-01
7.149446E-01
7.153716E-01
7.157984E-01
7.162248E-01
7.166509E-01
7.170767E-01
7.175021E-01
7.179273E-01
7.183521E-01
7.187766E-01
7.192007E-01
7.196246E-01
7.200481E-01
7.204713E-01
7.208942E-01
7.213168E-01
7.217390E-01
7.221610E-01
7.225826E-01
7.230039E-01
7.234248E-01
7.238455E-01
7.242658E-01
7.246858E-01
7.251055E-01
7.255249E-01
7.259439E-01
7.263626E-01
7.267810E-01
7.271991E-01
7.276169E-01
7.280343E-01
7.284514E-01
7.288682E-01
7.292847E-01
7.297009E-01
7.301167E-01
7.305322E-01
7.309474E-01
7.313623E-01
7.317768E-01
7.321911E-01
7.326050E-01
7.330186E-01
7.334319E-01
7.338448E-01
7.342574E-01
7.346697E-01
7.350817E-01
7.354934E-01
7.359048E-01
7.363158E-01
7.367265E-01
7.371369E-01
7.375469E-01
7.379567E-01
7.383661E-01
7.387752E-01
7.391840E-01
7.395925E-01
7.400006E-01
7.404084E-01
7.408159E-01
7.412231E-01
7.416300E-01
7.420365E-01
7.424428E-01
7.428487E-01
7.432542E-01
7.436595E-01
7.440644E-01
7.444691E-01
7.448734E-01
7.452773E-01
7.456810E-01
7.460843E-01
7.464874E-01
7.468901E-01
7.472924E-01
7.476945E-01
7.480962E-01
7.484977E-01
7.488988E-01
7.492995E-01
7.497000E-01
7.501001E-01
7.505000E-01
7.508994E-01
7.512986E-01
7.516975E-01
7.520960E-01
7.524942E-01
7.528921E-01
7.532897E-01
7.536870E-01
7.540839E-01
7.544805E-01
7.548768E-01
7.552728E-01
7.556685E-01
7.560638E-01
7.564588E-01
7.568535E-01
7.572479E-01
7.576419E-01
7.580357E-01
7.584291E-01
7.588222E-01
7.592150E-01
7.596074E-01
7.599996E-01
7.603914E-01
7.607829E-01
7.611741E-01
7.615649E-01
7.619554E-01
7.623457E-01
7.627356E-01
7.631251E-01
7.635144E-01
7.639033E-01
7.642920E-01
7.646803E-01
7.650682E-01
7.654559E-01
7.658432E-01
7.662303E-01
7.666170E-01
7.670033E-01
7.673894E-01
7.677751E-01
7.681606E-01
7.685457E-01
7.689304E-01
7.693149E-01
7.696990E-01
7.700829E-01
7.704664E-01
7.708496E-01
7.712324E-01
7.716150E-01
7.719972E-01
7.723791E-01
7.727607E-01
7.731419E-01
7.735229E-01
7.739035E-01
7.742838E-01
7.746638E-01
7.750435E-01
7.754228E-01
7.758018E-01
7.761805E-01
7.765589E-01
7.769370E-01
7.773148E-01
7.776922E-01
7.780693E-01
7.784461E-01
7.788225E-01
7.791987E-01
7.795745E-01
7.799500E-01
7.803252E-01
7.807001E-01
7.810746E-01
7.814489E-01
7.818228E-01
7.821964E-01
7.825697E-01
7.829426E-01
7.833152E-01
7.836876E-01
7.840596E-01
7.844312E-01
7.848026E-01
7.851736E-01
7.855443E-01
7.859147E-01
7.862848E-01
7.866546E-01
7.870240E-01
7.873931E-01
7.877619E-01
7.881304E-01
7.884985E-01
7.888664E-01
7.892339E-01
7.896011E-01
7.899680E-01
7.903345E-01
7.907008E-01
7.910667E-01
7.914323E-01
7.917976E-01
7.921625E-01
7.925272E-01
7.928915E-01
7.932555E-01
7.936192E-01
7.939825E-01
7.943456E-01
7.947083E-01
7.950707E-01
7.954328E-01
7.957945E-01
7.961560E-01
7.965171E-01
7.968779E-01
7.972384E-01
7.975985E-01
7.979584E-01
7.983179E-01
7.986771E-01
7.990360E-01
7.993945E-01
7.997528E-01
8.001107E-01
8.004683E-01
8.008256E-01
8.011825E-01
8.015392E-01
8.018955E-01
8.022515E-01
8.026072E-01
8.029625E-01
8.033176E-01
8.036723E-01
8.040267E-01
8.043808E-01
8.047345E-01
8.050880E-01
8.054411E-01
8.057939E-01
8.061464E-01
8.064985E-01
8.068504E-01
8.072019E-01
8.075531E-01
8.079040E-01
8.082545E-01
8.086048E-01
8.089547E-01
8.093043E-01
8.096536E-01
8.100025E-01
8.103512E-01
8.106995E-01
8.110475E-01
8.113952E-01
8.117425E-01
8.120896E-01
8.124363E-01
8.127827E-01
8.131287E-01
8.134745E-01
8.138199E-01
8.141650E-01
8.145098E-01
8.148543E-01
8.151985E-01
8.155423E-01
8.158858E-01
8.162290E-01
8.165719E-01
8.169144E-01
8.172567E-01
8.175986E-01
8.179402E-01
8.182814E-01
8.186224E-01
8.189630E-01
8.193033E-01
8.196433E-01
8.199830E-01
8.203223E-01
8.206613E-01
8.210001E-01
8.213384E-01
8.216765E-01
8.220143E-01
8.223517E-01
8.226888E-01
8.230256E-01
8.233620E-01
8.236982E-01
8.240340E-01
8.243695E-01
8.247047E-01
8.250395E-01
8.253741E-01
8.257083E-01
8.260422E-01
8.263758E-01
8.267090E-01
8.270420E-01
8.273746E-01
8.277069E-01
8.280389E-01
8.283705E-01
8.287019E-01
8.290329E-01
8.293636E-01
8.296939E-01
8.300240E-01
8.303537E-01
8.306831E-01
8.310122E-01
8.313410E-01
8.316694E-01
8.319976E-01
8.323254E-01
8.326529E-01
8.329800E-01
8.333069E-01
8.336334E-01
8.339596E-01
8.342855E-01
8.346111E-01
8.349363E-01
8.352613E-01
8.355859E-01
8.359101E-01
8.362341E-01
8.365577E-01
8.368811E-01
8.372041E-01
8.375268E-01
8.378491E-01
8.381712E-01
8.384929E-01
8.388143E-01
8.391354E-01
8.394561E-01
8.397766E-01
8.400967E-01
8.404165E-01
8.407360E-01
8.410551E-01
8.413739E-01
8.416925E-01
8.420107E-01
8.423285E-01
8.426461E-01
8.429633E-01
8.432802E-01
8.435968E-01
8.439131E-01
8.442291E-01
8.445447E-01
8.448600E-01
8.451750E-01
8.454897E-01
8.458040E-01
8.461181E-01
8.464318E-01
8.467452E-01
8.470582E-01
8.473710E-01
8.476834E-01
8.479955E-01
8.483073E-01
8.486188E-01
8.489299E-01
8.492408E-01
8.495513E-01
8.498614E-01
8.501713E-01
8.504809E-01
8.507901E-01
8.510990E-01
8.514076E-01
8.517159E-01
8.520238E-01
8.523314E-01
8.526387E-01
8.529457E-01
8.532524E-01
8.535587E-01
8.538648E-01
8.541705E-01
8.544759E-01
8.547809E-01
8.550857E-01
8.553901E-01
8.556942E-01
8.559980E-01
8.563014E-01
8.566046E-01
8.569074E-01
8.572099E-01
8.575121E-01
8.578140E-01
8.581155E-01
8.584167E-01
8.587176E-01
8.590182E-01
8.593185E-01
8.596184E-01
8.599181E-01
8.602174E-01
8.605164E-01
8.608150E-01
8.611134E-01
8.614114E-01
8.617091E-01
8.620065E-01
8.623035E-01
8.626003E-01
8.628967E-01
8.631928E-01
8.634886E-01
8.637841E-01
8.640792E-01
8.643740E-01
8.646686E-01
8.649627E-01
8.652566E-01
8.655502E-01
8.658434E-01
8.661363E-01
8.664289E-01
8.667211E-01
8.670131E-01
8.673047E-01
8.675960E-01
8.678870E-01
8.681777E-01
8.684680E-01
8.687581E-01
8.690478E-01
8.693372E-01
8.696262E-01
8.699150E-01
8.702034E-01
8.704915E-01
8.707793E-01
8.710668E-01
8.713539E-01
8.716408E-01
8.719273E-01
8.722135E-01
8.724993E-01
8.727849E-01
8.730701E-01
8.733550E-01
8.736396E-01
8.739239E-01
8.742078E-01
8.744915E-01
8.747748E-01
8.750578E-01
8.753404E-01
8.756228E-01
8.759048E-01
8.761865E-01
8.764679E-01
8.767490E-01
8.770298E-01
8.773102E-01
8.775903E-01
8.778701E-01
8.781496E-01
8.784287E-01
8.787076E-01
8.789861E-01
8.792643E-01
8.795422E-01
8.798197E-01
8.800969E-01
8.803739E-01
8.806505E-01
8.809267E-01
8.812027E-01
8.814783E-01
8.817536E-01
8.820286E-01
8.823033E-01
8.825777E-01
8.828517E-01
8.831254E-01
8.833988E-01
8.836719E-01
8.839447E-01
8.842171E-01
8.844892E-01
8.847610E-01
8.850325E-01
8.853037E-01
8.855745E-01
8.858450E-01
8.861152E-01
8.863851E-01
8.866547E-01
8.869239E-01
8.871928E-01
8.874614E-01
8.877297E-01
8.879977E-01
8.882653E-01
8.885326E-01
8.887996E-01
8.890663E-01
8.893326E-01
8.895987E-01
8.898644E-01
8.901298E-01
8.903949E-01
8.906596E-01
8.909241E-01
8.911882E-01
8.914520E-01
8.917155E-01
8.919786E-01
8.922415E-01
8.925040E-01
8.927662E-01
8.930281E-01
8.932896E-01
8.935509E-01
8.938118E-01
8.940724E-01
8.943327E-01
8.945926E-01
8.948523E-01
8.951116E-01
8.953706E-01
8.956293E-01
8.958876E-01
8.961456E-01
8.964034E-01
8.966608E-01
8.969178E-01
8.971746E-01
8.974310E-01
8.976871E-01
8.979429E-01
8.981984E-01
8.984536E-01
8.987084E-01
8.989629E-01
8.992171E-01
8.994710E-01
8.997245E-01
8.999778E-01
9.002307E-01
9.004833E-01
9.007356E-01
9.009875E-01
9.012391E-01
9.014905E-01
9.017415E-01
9.019921E-01
9.022425E-01
9.024925E-01
9.027422E-01
9.029916E-01
9.032407E-01
9.034894E-01
9.037379E-01
9.039860E-01
9.042338E-01
9.044812E-01
9.047284E-01
9.049752E-01
9.052217E-01
9.054679E-01
9.057138E-01
9.059593E-01
9.062045E-01
9.064494E-01
9.066940E-01
9.069383E-01
9.071822E-01
9.074259E-01
9.076692E-01
9.079121E-01
9.081548E-01
9.083972E-01
9.086392E-01
9.088809E-01
9.091223E-01
9.093633E-01
9.096041E-01
9.098445E-01
9.100846E-01
9.103244E-01
9.105638E-01
9.108030E-01
9.110418E-01
9.112803E-01
9.115185E-01
9.117563E-01
9.119938E-01
9.122311E-01
9.124680E-01
9.127045E-01
9.129408E-01
9.131767E-01
9.134123E-01
9.136476E-01
9.138826E-01
9.141173E-01
9.143516E-01
9.145856E-01
9.148193E-01
9.150527E-01
9.152857E-01
9.155184E-01
9.157509E-01
9.159829E-01
9.162147E-01
9.164462E-01
9.166773E-01
9.169081E-01
9.171386E-01
9.173688E-01
9.175986E-01
9.178281E-01
9.180573E-01
9.182862E-01
9.185148E-01
9.187430E-01
9.189710E-01
9.191986E-01
9.194258E-01
9.196528E-01
9.198794E-01
9.201058E-01
9.203318E-01
9.205575E-01
9.207828E-01
9.210079E-01
9.212326E-01
9.214570E-01
9.216811E-01
9.219048E-01
9.221283E-01
9.223514E-01
9.225742E-01
9.227967E-01
9.230188E-01
9.232407E-01
9.234622E-01
9.236834E-01
9.239042E-01
9.241248E-01
9.243450E-01
9.245650E-01
9.247846E-01
9.250038E-01
9.252228E-01
9.254414E-01
9.256597E-01
9.258777E-01
9.260954E-01
9.263128E-01
9.265298E-01
9.267465E-01
9.269629E-01
9.271790E-01
9.273947E-01
9.276102E-01
9.278253E-01
9.280401E-01
9.282546E-01
9.284687E-01
9.286825E-01
9.288960E-01
9.291092E-01
9.293221E-01
9.295347E-01
9.297469E-01
9.299588E-01
9.301704E-01
9.303817E-01
9.305926E-01
9.308033E-01
9.310136E-01
9.312236E-01
9.314332E-01
9.316426E-01
9.318516E-01
9.320603E-01
9.322687E-01
9.324768E-01
9.326845E-01
9.328920E-01
9.330991E-01
9.333059E-01
9.335124E-01
9.337185E-01
9.339243E-01
9.341298E-01
9.343350E-01
9.345399E-01
9.347445E-01
9.349487E-01
9.351526E-01
9.353562E-01
9.355595E-01
9.357624E-01
9.359650E-01
9.361674E-01
9.363694E-01
9.365710E-01
9.367724E-01
9.369734E-01
9.371741E-01
9.373745E-01
9.375746E-01
9.377743E-01
9.379738E-01
9.381729E-01
9.383717E-01
9.385701E-01
9.387683E-01
9.389661E-01
9.391636E-01
9.393608E-01
9.395577E-01
9.397543E-01
9.399505E-01
9.401464E-01
9.403420E-01
9.405373E-01
9.407322E-01
9.409269E-01
9.411212E-01
9.413152E-01
9.415088E-01
9.417022E-01
9.418952E-01
9.420879E-01
9.422803E-01
9.424724E-01
9.426642E-01
9.428556E-01
9.430467E-01
9.432375E-01
9.434280E-01
9.436181E-01
9.438080E-01
9.439975E-01
9.441867E-01
9.443756E-01
9.445641E-01
9.447524E-01
9.449403E-01
9.451279E-01
9.453152E-01
9.455021E-01
9.456887E-01
9.458751E-01
9.460611E-01
9.462467E-01
9.464321E-01
9.466171E-01
9.468019E-01
9.469862E-01
9.471703E-01
9.473541E-01
9.475375E-01
9.477206E-01
9.479034E-01
9.480859E-01
9.482681E-01
9.484499E-01
9.486314E-01
9.488126E-01
9.489935E-01
9.491741E-01
9.493543E-01
9.495342E-01
9.497138E-01
9.498931E-01
9.500721E-01
9.502507E-01
9.504290E-01
9.506070E-01
9.507847E-01
9.509621E-01
9.511391E-01
9.513158E-01
9.514922E-01
9.516683E-01
9.518441E-01
9.520195E-01
9.521946E-01
9.523694E-01
9.525439E-01
9.527181E-01
9.528919E-01
9.530654E-01
9.532386E-01
9.534115E-01
9.535841E-01
9.537563E-01
9.539282E-01
9.540998E-01
9.542711E-01
9.544420E-01
9.546127E-01
9.547830E-01
9.549530E-01
9.551227E-01
9.552920E-01
9.554611E-01
9.556298E-01
9.557982E-01
9.559663E-01
9.561340E-01
9.563015E-01
9.564686E-01
9.566354E-01
9.568019E-01
9.569680E-01
9.571339E-01
9.572994E-01
9.574646E-01
9.576295E-01
9.577940E-01
9.579582E-01
9.581222E-01
9.582858E-01
9.584490E-01
9.586120E-01
9.587746E-01
9.589369E-01
9.590989E-01
9.592606E-01
9.594220E-01
9.595830E-01
9.597437E-01
9.599041E-01
9.600642E-01
9.602239E-01
9.603834E-01
9.605425E-01
9.607013E-01
9.608598E-01
9.610179E-01
9.611757E-01
9.613333E-01
9.614904E-01
9.616473E-01
9.618039E-01
9.619601E-01
9.621160E-01
9.622716E-01
9.624269E-01
9.625818E-01
9.627365E-01
9.628908E-01
9.630448E-01
9.631984E-01
9.633518E-01
9.635048E-01
9.636575E-01
9.638099E-01
9.639620E-01
9.641137E-01
9.642651E-01
9.644162E-01
9.645670E-01
9.647175E-01
9.648676E-01
9.650175E-01
9.651670E-01
9.653161E-01
9.654650E-01
9.656136E-01
9.657618E-01
9.659097E-01
9.660573E-01
9.662045E-01
9.663515E-01
9.664981E-01
9.666444E-01
9.667904E-01
9.669360E-01
9.670814E-01
9.672264E-01
9.673711E-01
9.675155E-01
9.676595E-01
9.678033E-01
9.679467E-01
9.680898E-01
9.682326E-01
9.683750E-01
9.685172E-01
9.686590E-01
9.688005E-01
9.689416E-01
9.690825E-01
9.692230E-01
9.693632E-01
9.695031E-01
9.696427E-01
9.697820E-01
9.699209E-01
9.700595E-01
9.701978E-01
9.703358E-01
9.704734E-01
9.706108E-01
9.707478E-01
9.708845E-01
9.710208E-01
9.711569E-01
9.712926E-01
9.714280E-01
9.715631E-01
9.716979E-01
9.718323E-01
9.719664E-01
9.721002E-01
9.722337E-01
9.723669E-01
9.724997E-01
9.726323E-01
9.727645E-01
9.728964E-01
9.730279E-01
9.731592E-01
9.732901E-01
9.734207E-01
9.735510E-01
9.736810E-01
9.738106E-01
9.739399E-01
9.740689E-01
9.741976E-01
9.743260E-01
9.744540E-01
9.745817E-01
9.747091E-01
9.748362E-01
9.749630E-01
9.750894E-01
9.752155E-01
9.753413E-01
9.754668E-01
9.755920E-01
9.757168E-01
9.758413E-01
9.759655E-01
9.760894E-01
9.762130E-01
9.763362E-01
9.764591E-01
9.765817E-01
9.767040E-01
9.768260E-01
9.769476E-01
9.770689E-01
9.771899E-01
9.773106E-01
9.774310E-01
9.775510E-01
9.776707E-01
9.777901E-01
9.779092E-01
9.780279E-01
9.781464E-01
9.782645E-01
9.783823E-01
9.784998E-01
9.786169E-01
9.787338E-01
9.788503E-01
9.789665E-01
9.790823E-01
9.791979E-01
9.793131E-01
9.794281E-01
9.795427E-01
9.796569E-01
9.797709E-01
9.798845E-01
9.799978E-01
9.801108E-01
9.802235E-01
9.803359E-01
9.804479E-01
9.805596E-01
9.806710E-01
9.807821E-01
9.808928E-01
9.810033E-01
9.811134E-01
9.812232E-01
9.813327E-01
9.814418E-01
9.815507E-01
9.816592E-01
9.817674E-01
9.818752E-01
9.819828E-01
9.820900E-01
9.821969E-01
9.823035E-01
9.824098E-01
9.825158E-01
9.826214E-01
9.827267E-01
9.828317E-01
9.829364E-01
9.830408E-01
9.831448E-01
9.832485E-01
9.833519E-01
9.834550E-01
9.835577E-01
9.836602E-01
9.837623E-01
9.838641E-01
9.839656E-01
9.840667E-01
9.841676E-01
9.842681E-01
9.843683E-01
9.844681E-01
9.845677E-01
9.846669E-01
9.847659E-01
9.848645E-01
9.849627E-01
9.850607E-01
9.851583E-01
9.852557E-01
9.853527E-01
9.854493E-01
9.855457E-01
9.856417E-01
9.857374E-01
9.858328E-01
9.859279E-01
9.860227E-01
9.861171E-01
9.862112E-01
9.863050E-01
9.863985E-01
9.864917E-01
9.865845E-01
9.866770E-01
9.867692E-01
9.868611E-01
9.869527E-01
9.870439E-01
9.871348E-01
9.872254E-01
9.873157E-01
9.874057E-01
9.874953E-01
9.875846E-01
9.876736E-01
9.877623E-01
9.878507E-01
9.879387E-01
9.880264E-01
9.881138E-01
9.882009E-01
9.882877E-01
9.883741E-01
9.884602E-01
9.885461E-01
9.886315E-01
9.887167E-01
9.888015E-01
9.888861E-01
9.889703E-01
9.890541E-01
9.891377E-01
9.892209E-01
9.893039E-01
9.893865E-01
9.894687E-01
9.895507E-01
9.896323E-01
9.897137E-01
9.897947E-01
9.898754E-01
9.899557E-01
9.900358E-01
9.901155E-01
9.901949E-01
9.902740E-01
9.903527E-01
9.904312E-01
9.905093E-01
9.905871E-01
9.906646E-01
9.907417E-01
9.908186E-01
9.908951E-01
9.909713E-01
9.910472E-01
9.911227E-01
9.911980E-01
9.912729E-01
9.913475E-01
9.914218E-01
9.914957E-01
9.915694E-01
9.916427E-01
9.917157E-01
9.917884E-01
9.918607E-01
9.919328E-01
9.920045E-01
9.920759E-01
9.921470E-01
9.922177E-01
9.922882E-01
9.923583E-01
9.924281E-01
9.924976E-01
9.925667E-01
9.926356E-01
9.927041E-01
9.927723E-01
9.928401E-01
9.929077E-01
9.929749E-01
9.930419E-01
9.931085E-01
9.931747E-01
9.932407E-01
9.933063E-01
9.933716E-01
9.934366E-01
9.935013E-01
9.935657E-01
9.936297E-01
9.936934E-01
9.937568E-01
9.938199E-01
9.938826E-01
9.939451E-01
9.940072E-01
9.940690E-01
9.941304E-01
9.941916E-01
9.942524E-01
9.943129E-01
9.943731E-01
9.944330E-01
9.944926E-01
9.945518E-01
9.946107E-01
9.946693E-01
9.947275E-01
9.947855E-01
9.948431E-01
9.949004E-01
9.949574E-01
9.950141E-01
9.950704E-01
9.951265E-01
9.951822E-01
9.952376E-01
9.952926E-01
9.953474E-01
9.954018E-01
9.954559E-01
9.955097E-01
9.955631E-01
9.956163E-01
9.956691E-01
9.957216E-01
9.957738E-01
9.958257E-01
9.958772E-01
9.959284E-01
9.959793E-01
9.960299E-01
9.960802E-01
9.961301E-01
9.961797E-01
9.962290E-01
9.962780E-01
9.963267E-01
9.963750E-01
9.964230E-01
9.964707E-01
9.965181E-01
9.965652E-01
9.966119E-01
9.966583E-01
9.967044E-01
9.967502E-01
9.967956E-01
9.968408E-01
9.968856E-01
9.969301E-01
9.969743E-01
9.970181E-01
9.970616E-01
9.971049E-01
9.971478E-01
9.971903E-01
9.972326E-01
9.972745E-01
9.973161E-01
9.973574E-01
9.973984E-01
9.974390E-01
9.974794E-01
9.975194E-01
9.975591E-01
9.975984E-01
9.976375E-01
9.976762E-01
9.977146E-01
9.977527E-01
9.977905E-01
9.978279E-01
9.978650E-01
9.979019E-01
9.979383E-01
9.979745E-01
9.980103E-01
9.980459E-01
9.980811E-01
9.981160E-01
9.981505E-01
9.981848E-01
9.982187E-01
9.982523E-01
9.982856E-01
9.983185E-01
9.983512E-01
9.983835E-01
9.984155E-01
9.984472E-01
9.984786E-01
9.985096E-01
9.985403E-01
9.985707E-01
9.986008E-01
9.986306E-01
9.986600E-01
9.986891E-01
9.987179E-01
9.987464E-01
9.987746E-01
9.988024E-01
9.988299E-01
9.988571E-01
9.988840E-01
9.989106E-01
9.989368E-01
9.989627E-01
9.989883E-01
9.990136E-01
9.990386E-01
9.990632E-01
9.990875E-01
9.991115E-01
9.991352E-01
9.991586E-01
9.991816E-01
9.992043E-01
9.992267E-01
9.992488E-01
9.992706E-01
9.992920E-01
9.993131E-01
9.993339E-01
9.993544E-01
9.993745E-01
9.993944E-01
9.994139E-01
9.994331E-01
9.994520E-01
9.994705E-01
9.994888E-01
9.995067E-01
9.995243E-01
9.995416E-01
9.995585E-01
9.995752E-01
9.995915E-01
9.996075E-01
9.996232E-01
9.996385E-01
9.996536E-01
9.996683E-01
9.996827E-01
9.996967E-01
9.997105E-01
9.997239E-01
9.997371E-01
9.997499E-01
9.997623E-01
9.997745E-01
9.997863E-01
9.997978E-01
9.998090E-01
9.998199E-01
9.998305E-01
9.998407E-01
9.998506E-01
9.998602E-01
9.998695E-01
9.998785E-01
9.998871E-01
9.998954E-01
9.999034E-01
9.999111E-01
9.999185E-01
9.999255E-01
9.999322E-01
9.999386E-01
9.999447E-01
9.999505E-01
9.999559E-01
9.999610E-01
9.999658E-01
9.999703E-01
9.999745E-01
9.999783E-01
9.999818E-01
9.999850E-01
9.999879E-01
9.999905E-01
9.999927E-01
9.999946E-01
9.999962E-01
9.999975E-01
9.999985E-01
9.999991E-01
9.999994E-01
9.999994E-01
9.999991E-01
9.999985E-01
9.999975E-01
9.999962E-01
9.999946E-01
9.999927E-01
9.999905E-01
9.999879E-01
9.999851E-01
9.999819E-01
9.999783E-01
9.999745E-01
9.999703E-01
9.999659E-01
9.999611E-01
9.999560E-01
9.999505E-01
9.999448E-01
9.999387E-01
9.999323E-01
9.999256E-01
9.999185E-01
9.999112E-01
9.999035E-01
9.998955E-01
9.998872E-01
9.998786E-01
9.998696E-01
9.998603E-01
9.998507E-01
9.998408E-01
9.998306E-01
9.998200E-01
9.998091E-01
9.997979E-01
9.997864E-01
9.997746E-01
9.997624E-01
9.997500E-01
9.997372E-01
9.997241E-01
9.997106E-01
9.996969E-01
9.996828E-01
9.996684E-01
9.996537E-01
9.996386E-01
9.996233E-01
9.996076E-01
9.995916E-01
9.995753E-01
9.995587E-01
9.995417E-01
9.995244E-01
9.995068E-01
9.994889E-01
9.994707E-01
9.994521E-01
9.994332E-01
9.994140E-01
9.993945E-01
9.993747E-01
9.993545E-01
9.993341E-01
9.993133E-01
9.992921E-01
9.992707E-01
9.992490E-01
9.992269E-01
9.992045E-01
9.991818E-01
9.991587E-01
9.991354E-01
9.991117E-01
9.990877E-01
9.990634E-01
9.990387E-01
9.990138E-01
9.989885E-01
9.989629E-01
9.989370E-01
9.989107E-01
9.988842E-01
9.988573E-01
9.988301E-01
9.988026E-01
9.987747E-01
9.987466E-01
9.987181E-01
9.986893E-01
9.986602E-01
9.986307E-01
9.986010E-01
9.985709E-01
9.985405E-01
9.985098E-01
9.984787E-01
9.984474E-01
9.984157E-01
9.983837E-01
9.983513E-01
9.983187E-01
9.982857E-01
9.982525E-01
9.982189E-01
9.981849E-01
9.981507E-01
9.981161E-01
9.980812E-01
9.980460E-01
9.980105E-01
9.979746E-01
9.979385E-01
9.979020E-01
9.978652E-01
9.978281E-01
9.977906E-01
9.977528E-01
9.977147E-01
9.976763E-01
9.976376E-01
9.975986E-01
9.975592E-01
9.975195E-01
9.974795E-01
9.974392E-01
9.973985E-01
9.973575E-01
9.973162E-01
9.972746E-01
9.972327E-01
9.971904E-01
9.971479E-01
9.971050E-01
9.970617E-01
9.970182E-01
9.969744E-01
9.969302E-01
9.968857E-01
9.968409E-01
9.967957E-01
9.967503E-01
9.967045E-01
9.966584E-01
9.966120E-01
9.965652E-01
9.965182E-01
9.964708E-01
9.964231E-01
9.963751E-01
9.963267E-01
9.962781E-01
9.962291E-01
9.961798E-01
9.961302E-01
9.960802E-01
9.960300E-01
9.959794E-01
9.959285E-01
9.958772E-01
9.958257E-01
9.957738E-01
9.957216E-01
9.956691E-01
9.956163E-01
9.955632E-01
9.955097E-01
9.954559E-01
9.954018E-01
9.953474E-01
9.952926E-01
9.952376E-01
9.951822E-01
9.951265E-01
9.950704E-01
9.950141E-01
9.949574E-01
9.949004E-01
9.948431E-01
9.947855E-01
9.947275E-01
9.946693E-01
9.946107E-01
9.945517E-01
9.944925E-01
9.944330E-01
9.943731E-01
9.943129E-01
9.942524E-01
9.941915E-01
9.941304E-01
9.940689E-01
9.940071E-01
9.939450E-01
9.938826E-01
9.938198E-01
9.937567E-01
9.936933E-01
9.936296E-01
9.935656E-01
9.935012E-01
9.934366E-01
9.933716E-01
9.933062E-01
9.932406E-01
9.931746E-01
9.931084E-01
9.930418E-01
9.929748E-01
9.929076E-01
9.928400E-01
9.927722E-01
9.927040E-01
9.926354E-01
9.925666E-01
9.924974E-01
9.924280E-01
9.923582E-01
9.922880E-01
9.922176E-01
9.921468E-01
9.920758E-01
9.920044E-01
9.919326E-01
9.918606E-01
9.917882E-01
9.917156E-01
9.916426E-01
9.915692E-01
9.914956E-01
9.914216E-01
9.913474E-01
9.912728E-01
9.911978E-01
9.911226E-01
9.910470E-01
9.909711E-01
9.908949E-01
9.908184E-01
9.907416E-01
9.906644E-01
9.905869E-01
9.905091E-01
9.904310E-01
9.903526E-01
9.902738E-01
9.901947E-01
9.901153E-01
9.900356E-01
9.899556E-01
9.898752E-01
9.897945E-01
9.897135E-01
9.896322E-01
9.895505E-01
9.894686E-01
9.893863E-01
9.893037E-01
9.892208E-01
9.891375E-01
9.890540E-01
9.889701E-01
9.888859E-01
9.888014E-01
9.887165E-01
9.886314E-01
9.885459E-01
9.884601E-01
9.883740E-01
9.882875E-01
9.882008E-01
9.881137E-01
9.880263E-01
9.879386E-01
9.878505E-01
9.877622E-01
9.876735E-01
9.875845E-01
9.874952E-01
9.874055E-01
9.873156E-01
9.872253E-01
9.871347E-01
9.870438E-01
9.869525E-01
9.868610E-01
9.867691E-01
9.866769E-01
9.865844E-01
9.864915E-01
9.863984E-01
9.863049E-01
9.862111E-01
9.861170E-01
9.860226E-01
9.859278E-01
9.858327E-01
9.857373E-01
9.856416E-01
9.855456E-01
9.854492E-01
9.853525E-01
9.852555E-01
9.851582E-01
9.850606E-01
9.849626E-01
9.848644E-01
9.847658E-01
9.846668E-01
9.845676E-01
9.844681E-01
9.843682E-01
9.842680E-01
9.841675E-01
9.840666E-01
9.839655E-01
9.838640E-01
9.837622E-01
9.836601E-01
9.835577E-01
9.834549E-01
9.833518E-01
9.832484E-01
9.831447E-01
9.830407E-01
9.829363E-01
9.828317E-01
9.827267E-01
9.826214E-01
9.825157E-01
9.824098E-01
9.823035E-01
9.821969E-01
9.820900E-01
9.819828E-01
9.818752E-01
9.817673E-01
9.816591E-01
9.815506E-01
9.814418E-01
9.813326E-01
9.812232E-01
9.811134E-01
9.810033E-01
9.808928E-01
9.807821E-01
9.806710E-01
9.805596E-01
9.804479E-01
9.803359E-01
9.802235E-01
9.801108E-01
9.799979E-01
9.798845E-01
9.797709E-01
9.796570E-01
9.795427E-01
9.794281E-01
9.793132E-01
9.791979E-01
9.790824E-01
9.789665E-01
9.788503E-01
9.787338E-01
9.786170E-01
9.784998E-01
9.783823E-01
9.782646E-01
9.781464E-01
9.780280E-01
9.779093E-01
9.777902E-01
9.776708E-01
9.775511E-01
9.774310E-01
9.773107E-01
9.771900E-01
9.770690E-01
9.769477E-01
9.768261E-01
9.767041E-01
9.765818E-01
9.764592E-01
9.763363E-01
9.762131E-01
9.760895E-01
9.759656E-01
9.758414E-01
9.757169E-01
9.755921E-01
9.754669E-01
9.753415E-01
9.752157E-01
9.750895E-01
9.749631E-01
9.748363E-01
9.747093E-01
9.745819E-01
9.744541E-01
9.743261E-01
9.741977E-01
9.740691E-01
9.739401E-01
9.738107E-01
9.736811E-01
9.735511E-01
9.734208E-01
9.732902E-01
9.731593E-01
9.730281E-01
9.728965E-01
9.727646E-01
9.726324E-01
9.724999E-01
9.723671E-01
9.722339E-01
9.721004E-01
9.719666E-01
9.718325E-01
9.716980E-01
9.715632E-01
9.714282E-01
9.712928E-01
9.711570E-01
9.710210E-01
9.708846E-01
9.707479E-01
9.706109E-01
9.704736E-01
9.703359E-01
9.701980E-01
9.700597E-01
9.699210E-01
9.697821E-01
9.696429E-01
9.695033E-01
9.693634E-01
9.692232E-01
9.690826E-01
9.689418E-01
9.688006E-01
9.686591E-01
9.685173E-01
9.683752E-01
9.682327E-01
9.680899E-01
9.679468E-01
9.678034E-01
9.676597E-01
9.675156E-01
9.673712E-01
9.672265E-01
9.670815E-01
9.669362E-01
9.667905E-01
9.666445E-01
9.664982E-01
9.663516E-01
9.662047E-01
9.660574E-01
9.659098E-01
9.657619E-01
9.656137E-01
9.654651E-01
9.653163E-01
9.651671E-01
9.650176E-01
9.648678E-01
9.647176E-01
9.645671E-01
9.644164E-01
9.642652E-01
9.641138E-01
9.639621E-01
9.638100E-01
9.636576E-01
9.635049E-01
9.633519E-01
9.631985E-01
9.630449E-01
9.628909E-01
9.627365E-01
9.625819E-01
9.624270E-01
9.622717E-01
9.621161E-01
9.619602E-01
9.618040E-01
9.616474E-01
9.614905E-01
9.613333E-01
9.611758E-01
9.610180E-01
9.608598E-01
9.607013E-01
9.605426E-01
9.603834E-01
9.602240E-01
9.600642E-01
9.599042E-01
9.597438E-01
9.595831E-01
9.594220E-01
9.592607E-01
9.590990E-01
9.589370E-01
9.587747E-01
9.586120E-01
9.584491E-01
9.582858E-01
9.581222E-01
9.579583E-01
9.577940E-01
9.576295E-01
9.574646E-01
9.572994E-01
9.571339E-01
9.569680E-01
9.568019E-01
9.566354E-01
9.564686E-01
9.563015E-01
9.561340E-01
9.559663E-01
9.557982E-01
9.556298E-01
9.554611E-01
9.552920E-01
9.551227E-01
9.549530E-01
9.547830E-01
9.546126E-01
9.544420E-01
9.542710E-01
9.540998E-01
9.539282E-01
9.537562E-01
9.535840E-01
9.534114E-01
9.532386E-01
9.530653E-01
9.528918E-01
9.527180E-01
9.525438E-01
9.523693E-01
9.521945E-01
9.520194E-01
9.518440E-01
9.516682E-01
9.514921E-01
9.513157E-01
9.511390E-01
9.509620E-01
9.507846E-01
9.506069E-01
9.504289E-01
9.502506E-01
9.500720E-01
9.498930E-01
9.497137E-01
9.495341E-01
9.493542E-01
9.491740E-01
9.489934E-01
9.488125E-01
9.486313E-01
9.484498E-01
9.482680E-01
9.480858E-01
9.479033E-01
9.477205E-01
9.475374E-01
9.473540E-01
9.471702E-01
9.469861E-01
9.468017E-01
9.466170E-01
9.464320E-01
9.462466E-01
9.460609E-01
9.458749E-01
9.456886E-01
9.455020E-01
9.453150E-01
9.451277E-01
9.449401E-01
9.447522E-01
9.445640E-01
9.443754E-01
9.441865E-01
9.439974E-01
9.438078E-01
9.436180E-01
9.434278E-01
9.432374E-01
9.430466E-01
9.428555E-01
9.426640E-01
9.424723E-01
9.422802E-01
9.420878E-01
9.418951E-01
9.417020E-01
9.415087E-01
9.413150E-01
9.411210E-01
9.409267E-01
9.407321E-01
9.405371E-01
9.403419E-01
9.401463E-01
9.399503E-01
9.397541E-01
9.395576E-01
9.393607E-01
9.391635E-01
9.389660E-01
9.387682E-01
9.385700E-01
9.383715E-01
9.381727E-01
9.379736E-01
9.377742E-01
9.375744E-01
9.373744E-01
9.371740E-01
9.369733E-01
9.367722E-01
9.365709E-01
9.363692E-01
9.361672E-01
9.359649E-01
9.357623E-01
9.355593E-01
9.353561E-01
9.351525E-01
9.349486E-01
9.347443E-01
9.345398E-01
9.343349E-01
9.341297E-01
9.339242E-01
9.337184E-01
9.335122E-01
9.333058E-01
9.330990E-01
9.328919E-01
9.326844E-01
9.324767E-01
9.322686E-01
9.320602E-01
9.318515E-01
9.316425E-01
9.314331E-01
9.312235E-01
9.310135E-01
9.308032E-01
9.305925E-01
9.303816E-01
9.301703E-01
9.299587E-01
9.297468E-01
9.295346E-01
9.293220E-01
9.291092E-01
9.288960E-01
9.286825E-01
9.284686E-01
9.282545E-01
9.280400E-01
9.278252E-01
9.276101E-01
9.273947E-01
9.271789E-01
9.269629E-01
9.267465E-01
9.265298E-01
9.263127E-01
9.260954E-01
9.258777E-01
9.256597E-01
9.254414E-01
9.252228E-01
9.250038E-01
9.247845E-01
9.245649E-01
9.243450E-01
9.241248E-01
9.239042E-01
9.236834E-01
9.234622E-01
9.232407E-01
9.230188E-01
9.227967E-01
9.225742E-01
9.223514E-01
9.221283E-01
9.219048E-01
9.216811E-01
9.214570E-01
9.212326E-01
9.210079E-01
9.207829E-01
9.205575E-01
9.203318E-01
9.201058E-01
9.198795E-01
9.196529E-01
9.194259E-01
9.191986E-01
9.189710E-01
9.187431E-01
9.185148E-01
9.182863E-01
9.180574E-01
9.178282E-01
9.175987E-01
9.173688E-01
9.171387E-01
9.169082E-01
9.166774E-01
9.164462E-01
9.162148E-01
9.159830E-01
9.157509E-01
9.155185E-01
9.152858E-01
9.150528E-01
9.148194E-01
9.145857E-01
9.143517E-01
9.141174E-01
9.138827E-01
9.136477E-01
9.134125E-01
9.131768E-01
9.129409E-01
9.127047E-01
9.124681E-01
9.122312E-01
9.119940E-01
9.117564E-01
9.115186E-01
9.112804E-01
9.110419E-01
9.108031E-01
9.105640E-01
9.103245E-01
9.100847E-01
9.098446E-01
9.096042E-01
9.093635E-01
9.091224E-01
9.088810E-01
9.086393E-01
9.083973E-01
9.081550E-01
9.079123E-01
9.076693E-01
9.074260E-01
9.071824E-01
9.069384E-01
9.066942E-01
9.064496E-01
9.062047E-01
9.059595E-01
9.057139E-01
9.054681E-01
9.052219E-01
9.049754E-01
9.047285E-01
9.044814E-01
9.042339E-01
9.039861E-01
9.037380E-01
9.034896E-01
9.032408E-01
9.029918E-01
9.027424E-01
9.024927E-01
9.022426E-01
9.019923E-01
9.017416E-01
9.014906E-01
9.012393E-01
9.009877E-01
9.007357E-01
9.004834E-01
9.002308E-01
8.999779E-01
8.997247E-01
8.994711E-01
8.992173E-01
8.989631E-01
8.987086E-01
8.984537E-01
8.981986E-01
8.979431E-01
8.976873E-01
8.974312E-01
8.971747E-01
8.969180E-01
8.966609E-01
8.964035E-01
8.961458E-01
8.958877E-01
8.956294E-01
8.953707E-01
8.951117E-01
8.948524E-01
8.945927E-01
8.943328E-01
8.940725E-01
8.938119E-01
8.935510E-01
8.932897E-01
8.930282E-01
8.927663E-01
8.925041E-01
8.922416E-01
8.919787E-01
8.917156E-01
8.914521E-01
8.911883E-01
8.909242E-01
8.906597E-01
8.903950E-01
8.901299E-01
8.898645E-01
8.895988E-01
8.893327E-01
8.890664E-01
8.887997E-01
8.885327E-01
8.882654E-01
8.879977E-01
8.877298E-01
8.874615E-01
8.871929E-01
8.869240E-01
8.866547E-01
8.863851E-01
8.861153E-01
8.858451E-01
8.855745E-01
8.853037E-01
8.850325E-01
8.847611E-01
8.844893E-01
8.842171E-01
8.839447E-01
8.836719E-01
8.833989E-01
8.831255E-01
8.828517E-01
8.825777E-01
8.823033E-01
8.820287E-01
8.817537E-01
8.814783E-01
8.812027E-01
8.809267E-01
8.806505E-01
8.803739E-01
8.800969E-01
8.798197E-01
8.795421E-01
8.792643E-01
8.789861E-01
8.787075E-01
8.784287E-01
8.781495E-01
8.778701E-01
8.775903E-01
8.773102E-01
8.770297E-01
8.767490E-01
8.764679E-01
8.761865E-01
8.759048E-01
8.756227E-01
8.753404E-01
8.750577E-01
8.747747E-01
8.744914E-01
8.742078E-01
8.739238E-01
8.736395E-01
8.733549E-01
8.730700E-01
8.727848E-01
8.724992E-01
8.722134E-01
8.719272E-01
8.716407E-01
8.713538E-01
8.710667E-01
8.707792E-01
8.704914E-01
8.702033E-01
8.699149E-01
8.696261E-01
8.693370E-01
8.690477E-01
8.687579E-01
8.684679E-01
8.681776E-01
8.678869E-01
8.675959E-01
8.673046E-01
8.670130E-01
8.667210E-01
8.664287E-01
8.661362E-01
8.658433E-01
8.655500E-01
8.652565E-01
8.649626E-01
8.646684E-01
8.643739E-01
8.640791E-01
8.637839E-01
8.634885E-01
8.631927E-01
8.628966E-01
8.626001E-01
8.623034E-01
8.620063E-01
8.617089E-01
8.614112E-01
8.611132E-01
8.608149E-01
8.605162E-01
8.602172E-01
8.599179E-01
8.596183E-01
8.593183E-01
8.590181E-01
8.587175E-01
8.584166E-01
8.581154E-01
8.578138E-01
8.575119E-01
8.572098E-01
8.569073E-01
8.566044E-01
8.563013E-01
8.559978E-01
8.556940E-01
8.553899E-01
8.550855E-01
8.547808E-01
8.544757E-01
8.541703E-01
8.538646E-01
8.535586E-01
8.532522E-01
8.529456E-01
8.526386E-01
8.523313E-01
8.520236E-01
8.517157E-01
8.514074E-01
8.510988E-01
8.507899E-01
8.504807E-01
8.501712E-01
8.498613E-01
8.495511E-01
8.492406E-01
8.489298E-01
8.486186E-01
8.483072E-01
8.479954E-01
8.476833E-01
8.473708E-01
8.470581E-01
8.467450E-01
8.464316E-01
8.461179E-01
8.458039E-01
8.454895E-01
8.451749E-01
8.448599E-01
8.445446E-01
8.442289E-01
8.439130E-01
8.435967E-01
8.432801E-01
8.429632E-01
8.426460E-01
8.423284E-01
8.420106E-01
8.416924E-01
8.413738E-01
8.410550E-01
8.407359E-01
8.404164E-01
8.400966E-01
8.397765E-01
8.394560E-01
8.391353E-01
8.388142E-01
8.384928E-01
8.381711E-01
8.378490E-01
8.375267E-01
8.372040E-01
8.368810E-01
8.365577E-01
8.362340E-01
8.359101E-01
8.355858E-01
8.352612E-01
8.349363E-01
8.346110E-01
8.342855E-01
8.339596E-01
8.336334E-01
8.333069E-01
8.329800E-01
8.326528E-01
8.323254E-01
8.319976E-01
8.316694E-01
8.313410E-01
8.310122E-01
8.306831E-01
8.303537E-01
8.300240E-01
8.296939E-01
8.293636E-01
8.290329E-01
8.287019E-01
8.283705E-01
8.280389E-01
8.277069E-01
8.273746E-01
8.270420E-01
8.267091E-01
8.263758E-01
8.260422E-01
8.257083E-01
8.253741E-01
8.250396E-01
8.247047E-01
8.243695E-01
8.240340E-01
8.236982E-01
8.233621E-01
8.230256E-01
8.226888E-01
8.223517E-01
8.220143E-01
8.216766E-01
8.213385E-01
8.210001E-01
8.206614E-01
8.203224E-01
8.199830E-01
8.196434E-01
8.193034E-01
8.189631E-01
8.186225E-01
8.182815E-01
8.179403E-01
8.175987E-01
8.172568E-01
8.169145E-01
8.165720E-01
8.162291E-01
8.158859E-01
8.155424E-01
8.151986E-01
8.148544E-01
8.145100E-01
8.141652E-01
8.138200E-01
8.134746E-01
8.131289E-01
8.127828E-01
8.124364E-01
8.120897E-01
8.117426E-01
8.113953E-01
8.110476E-01
8.106996E-01
8.103513E-01
8.100027E-01
8.096537E-01
8.093044E-01
8.089548E-01
8.086049E-01
8.082547E-01
8.079041E-01
8.075532E-01
8.072020E-01
8.068505E-01
8.064987E-01
8.061465E-01
8.057941E-01
8.054413E-01
8.050881E-01
8.047347E-01
8.043809E-01
8.040269E-01
8.036725E-01
8.033177E-01
8.029627E-01
8.026073E-01
8.022517E-01
8.018957E-01
8.015393E-01
8.011827E-01
8.008257E-01
8.004685E-01
8.001108E-01
7.997529E-01
7.993947E-01
7.990361E-01
7.986772E-01
7.983180E-01
7.979585E-01
7.975987E-01
7.972385E-01
7.968780E-01
7.965172E-01
7.961561E-01
7.957947E-01
7.954329E-01
7.950708E-01
7.947084E-01
7.943457E-01
7.939827E-01
7.936193E-01
7.932556E-01
7.928916E-01
7.925273E-01
7.921627E-01
7.917977E-01
7.914324E-01
7.910668E-01
7.907009E-01
7.903347E-01
7.899681E-01
7.896012E-01
7.892340E-01
7.888665E-01
7.884987E-01
7.881305E-01
7.877620E-01
7.873932E-01
7.870241E-01
7.866547E-01
7.862849E-01
7.859149E-01
7.855445E-01
7.851737E-01
7.848027E-01
7.844313E-01
7.840597E-01
7.836877E-01
7.833154E-01
7.829427E-01
7.825698E-01
7.821965E-01
7.818229E-01
7.814490E-01
7.810748E-01
7.807002E-01
7.803253E-01
7.799501E-01
7.795746E-01
7.791988E-01
7.788226E-01
7.784462E-01
7.780694E-01
7.776923E-01
7.773148E-01
7.769371E-01
7.765590E-01
7.761806E-01
7.758019E-01
7.754229E-01
7.750435E-01
7.746639E-01
7.742839E-01
7.739036E-01
7.735229E-01
7.731420E-01
7.727607E-01
7.723791E-01
7.719972E-01
7.716150E-01
7.712325E-01
7.708496E-01
7.704664E-01
7.700829E-01
7.696991E-01
7.693149E-01
7.689305E-01
7.685457E-01
7.681606E-01
7.677751E-01
7.673894E-01
7.670033E-01
7.666170E-01
7.662303E-01
7.658432E-01
7.654559E-01
7.650682E-01
7.646802E-01
7.642919E-01
7.639033E-01
7.635144E-01
7.631251E-01
7.627355E-01
7.623456E-01
7.619554E-01
7.615649E-01
7.611740E-01
7.607828E-01
7.603913E-01
7.599995E-01
7.596074E-01
7.592149E-01
7.588221E-01
7.584290E-01
7.580356E-01
7.576419E-01
7.572478E-01
7.568534E-01
7.564587E-01
7.560637E-01
7.556684E-01
7.552727E-01
7.548767E-01
7.544804E-01
7.540838E-01
7.536869E-01
7.532896E-01
7.528920E-01
7.524941E-01
7.520959E-01
7.516974E-01
7.512985E-01
7.508993E-01
7.504998E-01
7.501000E-01
7.496999E-01
7.492994E-01
7.488986E-01
7.484975E-01
7.480961E-01
7.476944E-01
7.472923E-01
7.468899E-01
7.464872E-01
7.460842E-01
7.456809E-01
7.452772E-01
7.448732E-01
7.444689E-01
7.440643E-01
7.436594E-01
7.432541E-01
7.428485E-01
7.424426E-01
7.420364E-01
7.416298E-01
7.412230E-01
7.408158E-01
7.404083E-01
7.400005E-01
7.395923E-01
7.391839E-01
7.387751E-01
7.383660E-01
7.379565E-01
7.375468E-01
7.371367E-01
7.367263E-01
7.363156E-01
7.359046E-01
7.354932E-01
7.350816E-01
7.346696E-01
7.342573E-01
7.338446E-01
7.334317E-01
7.330184E-01
7.326048E-01
7.321909E-01
7.317767E-01
7.313621E-01
7.309472E-01
7.305321E-01
7.301165E-01
7.297007E-01
7.292845E-01
7.288681E-01
7.284513E-01
7.280341E-01
7.276167E-01
7.271990E-01
7.267809E-01
7.263625E-01
7.259437E-01
7.255247E-01
7.251053E-01
7.246857E-01
7.242657E-01
7.238453E-01
7.234247E-01
7.230037E-01
7.225824E-01
7.221608E-01
7.217389E-01
7.213167E-01
7.208941E-01
7.204712E-01
7.200480E-01
7.196245E-01
7.192006E-01
7.187764E-01
7.183519E-01
7.179271E-01
7.175020E-01
7.170765E-01
7.166508E-01
7.162247E-01
7.157983E-01
7.153715E-01
7.149445E-01
7.145171E-01
7.140894E-01
7.136614E-01
7.132330E-01
7.128044E-01
7.123754E-01
7.119461E-01
7.115165E-01
7.110865E-01
7.106563E-01
7.102257E-01
7.097948E-01
7.093636E-01
7.089320E-01
7.085001E-01
7.080680E-01
7.076355E-01
7.072026E-01
7.067695E-01
7.063360E-01
7.059022E-01
7.054681E-01
7.050337E-01
7.045989E-01
7.041639E-01
7.037285E-01
7.032928E-01
7.028567E-01
7.024204E-01
7.019837E-01
7.015467E-01
7.011094E-01
7.006718E-01
7.002338E-01
6.997955E-01
6.993569E-01
6.989180E-01
6.984788E-01
6.980392E-01
6.975994E-01
6.971592E-01
6.967186E-01
6.962778E-01
6.958366E-01
6.953952E-01
6.949534E-01
6.945112E-01
6.940688E-01
6.936260E-01
6.931830E-01
6.927396E-01
6.922959E-01
6.918518E-01
6.914074E-01
6.909628E-01
6.905178E-01
6.900724E-01
6.896268E-01
6.891808E-01
6.887346E-01
6.882880E-01
6.878410E-01
6.873938E-01
6.869462E-01
6.864984E-01
6.860502E-01
6.856016E-01
6.851528E-01
6.847036E-01
6.842541E-01
6.838043E-01
6.833542E-01
6.829038E-01
6.824530E-01
6.820019E-01
6.815505E-01
6.810988E-01
6.806468E-01
6.801944E-01
6.797417E-01
6.792887E-01
6.788354E-01
6.783818E-01
6.779278E-01
6.774735E-01
6.770189E-01
6.765640E-01
6.761088E-01
6.756532E-01
6.751973E-01
6.747411E-01
6.742846E-01
6.738278E-01
6.733706E-01
6.729131E-01
6.724553E-01
6.719972E-01
6.715388E-01
6.710800E-01
6.706209E-01
6.701615E-01
6.697018E-01
6.692418E-01
6.687814E-01
6.683207E-01
6.678597E-01
6.673984E-01
6.669368E-01
6.664748E-01
6.660126E-01
6.655500E-01
6.650871E-01
6.646238E-01
6.641603E-01
6.636964E-01
6.632322E-01
6.627677E-01
6.623029E-01
6.618377E-01
6.613722E-01
6.609065E-01
6.604403E-01
6.599739E-01
6.595072E-01
6.590401E-01
6.585727E-01
6.581050E-01
6.576370E-01
6.571686E-01
6.567000E-01
6.562310E-01
6.557617E-01
6.552920E-01
6.548221E-01
6.543518E-01
6.538812E-01
6.534103E-01
6.529391E-01
6.524676E-01
6.519957E-01
6.515235E-01
6.510510E-01
6.505782E-01
6.501051E-01
6.496316E-01
6.491578E-01
6.486837E-01
6.482093E-01
6.477346E-01
6.472595E-01
6.467841E-01
6.463084E-01
6.458324E-01
6.453561E-01
6.448794E-01
6.444025E-01
6.439252E-01
6.434475E-01
6.429696E-01
6.424914E-01
6.420128E-01
6.415339E-01
6.410547E-01
6.405751E-01
6.400953E-01
6.396151E-01
6.391346E-01
6.386538E-01
6.381727E-01
6.376912E-01
6.372094E-01
6.367274E-01
6.362449E-01
6.357622E-01
6.352792E-01
6.347958E-01
6.343121E-01
6.338281E-01
6.333438E-01
6.328591E-01
6.323741E-01
6.318888E-01
6.314032E-01
6.309173E-01
6.304311E-01
6.299445E-01
6.294576E-01
6.289704E-01
6.284829E-01
6.279950E-01
6.275068E-01
6.270184E-01
6.265295E-01
6.260404E-01
6.255510E-01
6.250612E-01
6.245711E-01
6.240807E-01
6.235900E-01
6.230989E-01
6.226075E-01
6.221159E-01
6.216238E-01
6.211315E-01
6.206389E-01
6.201459E-01
6.196526E-01
6.191590E-01
6.186651E-01
6.181708E-01
6.176762E-01
6.171813E-01
6.166861E-01
6.161906E-01
6.156948E-01
6.151986E-01
6.147021E-01
6.142053E-01
6.137081E-01
6.132107E-01
6.127129E-01
6.122148E-01
6.117164E-01
6.112177E-01
6.107186E-01
6.102192E-01
6.097195E-01
6.092195E-01
6.087192E-01
6.082185E-01
6.077175E-01
6.072162E-01
6.067146E-01
6.062127E-01
6.057104E-01
6.052078E-01
6.047049E-01
6.042017E-01
6.036982E-01
6.031943E-01
6.026901E-01
6.021856E-01
6.016808E-01
6.011756E-01
6.006702E-01
6.001644E-01
5.996583E-01
5.991518E-01
5.986451E-01
5.981380E-01
5.976306E-01
5.971229E-01
5.966149E-01
5.961065E-01
5.955978E-01
5.950888E-01
5.945795E-01
5.940699E-01
5.935599E-01
5.930497E-01
5.925391E-01
5.920281E-01
5.915169E-01
5.910053E-01
5.904935E-01
5.899813E-01
5.894687E-01
5.889559E-01
5.884427E-01
5.879292E-01
5.874154E-01
5.869013E-01
5.863869E-01
5.858721E-01
5.853570E-01
5.848416E-01
5.843259E-01
5.838098E-01
5.832934E-01
5.827767E-01
5.822597E-01
5.817424E-01
5.812247E-01
5.807068E-01
5.801885E-01
5.796698E-01
5.791509E-01
5.786316E-01
5.781121E-01
5.775922E-01
5.770719E-01
5.765514E-01
5.760305E-01
5.755093E-01
5.749878E-01
5.744660E-01
5.739439E-01
5.734214E-01
5.728986E-01
5.723755E-01
5.718521E-01
5.713283E-01
5.708043E-01
5.702799E-01
5.697552E-01
5.692301E-01
5.687048E-01
5.681791E-01
5.676531E-01
5.671268E-01
5.666001E-01
5.660732E-01
5.655459E-01
5.650183E-01
5.644904E-01
5.639622E-01
5.634336E-01
5.629047E-01
5.623755E-01
5.618460E-01
5.613162E-01
5.607860E-01
5.602555E-01
5.597247E-01
5.591936E-01
5.586622E-01
5.581304E-01
5.575983E-01
5.570659E-01
5.565332E-01
5.560001E-01
5.554668E-01
5.549331E-01
5.543991E-01
5.538648E-01
5.533301E-01
5.527952E-01
5.522599E-01
5.517243E-01
5.511883E-01
5.506521E-01
5.501155E-01
5.495786E-01
5.490414E-01
5.485039E-01
5.479661E-01
5.474279E-01
5.468894E-01
5.463506E-01
5.458115E-01
5.452720E-01
5.447323E-01
5.441922E-01
5.436518E-01
5.431110E-01
5.425700E-01
5.420286E-01
5.414869E-01
5.409449E-01
5.404026E-01
5.398600E-01
5.393170E-01
5.387737E-01
5.382301E-01
5.376862E-01
5.371419E-01
5.365974E-01
5.360525E-01
5.355073E-01
5.349618E-01
5.344159E-01
5.338697E-01
5.333233E-01
5.327765E-01
5.322293E-01
5.316819E-01
5.311341E-01
5.305861E-01
5.300377E-01
5.294889E-01
5.289399E-01
5.283905E-01
5.278409E-01
5.272909E-01
5.267405E-01
5.261899E-01
5.256390E-01
5.250877E-01
5.245361E-01
5.239842E-01
5.234319E-01
5.228794E-01
5.223265E-01
5.217733E-01
5.212198E-01
5.206660E-01
5.201118E-01
5.195573E-01
5.190026E-01
5.184474E-01
5.178920E-01
5.173363E-01
5.167802E-01
5.162238E-01
5.156671E-01
5.151101E-01
5.145527E-01
5.139951E-01
5.134371E-01
5.128788E-01
5.123202E-01
5.117612E-01
5.112020E-01
5.106424E-01
5.100825E-01
5.095223E-01
5.089617E-01
5.084009E-01
5.078397E-01
5.072782E-01
5.067164E-01
5.061542E-01
5.055918E-01
5.050290E-01
5.044659E-01
5.039025E-01
5.033388E-01
5.027747E-01
5.022104E-01
5.016457E-01
5.010807E-01
5.005153E-01
4.999497E-01
4.993837E-01
4.988174E-01
4.982508E-01
4.976839E-01
4.971167E-01
4.965491E-01
4.959812E-01
4.954130E-01
4.948445E-01
4.942756E-01
4.937065E-01
4.931370E-01
4.925672E-01
4.919971E-01
4.914266E-01
4.908559E-01
4.902848E-01
4.897134E-01
4.891417E-01
4.885696E-01
4.879973E-01
4.874246E-01
4.868516E-01
4.862783E-01
4.857047E-01
4.851307E-01
4.845564E-01
4.839818E-01
4.834069E-01
4.828317E-01
4.822561E-01
4.816803E-01
4.811041E-01
4.805275E-01
4.799507E-01
4.793736E-01
4.787961E-01
4.782183E-01
4.776402E-01
4.770617E-01
4.764830E-01
4.759039E-01
4.753245E-01
4.747448E-01
4.741648E-01
4.735844E-01
4.730037E-01
4.724227E-01
4.718414E-01
4.712598E-01
4.706778E-01
4.700956E-01
4.695130E-01
4.689301E-01
4.683468E-01
4.677633E-01
4.671794E-01
4.665952E-01
4.660107E-01
4.654258E-01
4.648407E-01
4.642552E-01
4.636694E-01
4.630833E-01
4.624969E-01
4.619101E-01
4.613230E-01
4.607356E-01
4.601479E-01
4.595599E-01
4.589715E-01
4.583828E-01
4.577938E-01
4.572045E-01
4.566148E-01
4.560249E-01
4.554346E-01
4.548440E-01
4.542531E-01
4.536618E-01
4.530702E-01
4.524784E-01
4.518861E-01
4.512936E-01
4.507008E-01
4.501076E-01
4.495141E-01
4.489203E-01
4.483261E-01
4.477317E-01
4.471369E-01
4.465418E-01
4.459464E-01
4.453507E-01
4.447546E-01
4.441582E-01
4.435615E-01
4.429645E-01
4.423671E-01
4.417695E-01
4.411715E-01
4.405732E-01
4.399746E-01
4.393756E-01
4.387763E-01
4.381768E-01
4.375768E-01
4.369766E-01
4.363761E-01
4.357752E-01
4.351740E-01
4.345725E-01
4.339706E-01
4.333685E-01
4.327660E-01
4.321632E-01
4.315601E-01
4.309566E-01
4.303529E-01
4.297488E-01
4.291444E-01
4.285396E-01
4.279346E-01
4.273292E-01
4.267235E-01
4.261175E-01
4.255112E-01
4.249045E-01
4.242975E-01
4.236902E-01
4.230826E-01
4.224747E-01
4.218664E-01
4.212578E-01
4.206489E-01
4.200397E-01
4.194302E-01
4.188203E-01
4.182101E-01
4.175996E-01
4.169888E-01
4.163776E-01
4.157662E-01
4.151544E-01
4.145423E-01
4.139298E-01
4.133171E-01
4.127040E-01
4.120906E-01
4.114769E-01
4.108628E-01
4.102485E-01
4.096338E-01
4.090188E-01
4.084035E-01
4.077878E-01
4.071719E-01
4.065556E-01
4.059390E-01
4.053221E-01
4.047048E-01
4.040873E-01
4.034694E-01
4.028512E-01
4.022326E-01
4.016138E-01
4.009946E-01
4.003751E-01
3.997553E-01
3.991352E-01
3.985147E-01
3.978940E-01
3.972729E-01
3.966514E-01
3.960297E-01
3.954077E-01
3.947853E-01
3.941626E-01
3.935396E-01
3.929162E-01
3.922926E-01
3.916686E-01
3.910443E-01
3.904197E-01
3.897948E-01
3.891695E-01
3.885439E-01
3.879180E-01
3.872918E-01
3.866653E-01
3.860384E-01
3.854112E-01
3.847837E-01
3.841559E-01
3.835278E-01
3.828993E-01
3.822705E-01
3.816415E-01
3.810120E-01
3.803823E-01
3.797522E-01
3.791219E-01
3.784912E-01
3.778602E-01
3.772288E-01
3.765972E-01
3.759652E-01
3.753329E-01
3.747003E-01
3.740673E-01
3.734341E-01
3.728005E-01
3.721666E-01
3.715324E-01
3.708979E-01
3.702630E-01
3.696279E-01
3.689924E-01
3.683566E-01
3.677204E-01
3.670840E-01
3.664472E-01
3.658101E-01
3.651727E-01
3.645350E-01
3.638970E-01
3.632586E-01
3.626199E-01
3.619809E-01
3.613416E-01
3.607020E-01
3.600620E-01
3.594217E-01
3.587811E-01
3.581402E-01
3.574990E-01
3.568574E-01
3.562156E-01
3.555734E-01
3.549308E-01
3.542880E-01
3.536449E-01
3.530014E-01
3.523576E-01
3.517135E-01
3.510691E-01
3.504243E-01
3.497793E-01
3.491339E-01
3.484882E-01
3.478422E-01
3.471958E-01
3.465492E-01
3.459022E-01
3.452549E-01
3.446073E-01
3.439594E-01
3.433111E-01
3.426625E-01
3.420136E-01
3.413644E-01
3.407149E-01
3.400651E-01
3.394149E-01
3.387644E-01
3.381136E-01
3.374625E-01
3.368110E-01
3.361593E-01
3.355072E-01
3.348548E-01
3.342021E-01
3.335491E-01
3.328957E-01
3.322420E-01
3.315880E-01
3.309337E-01
3.302791E-01
3.296241E-01
3.289689E-01
3.283133E-01
3.276574E-01
3.270011E-01
3.263446E-01
3.256877E-01
3.250306E-01
3.243731E-01
3.237152E-01
3.230571E-01
3.223986E-01
3.217398E-01
3.210807E-01
3.204213E-01
3.197616E-01
3.191015E-01
3.184412E-01
3.177805E-01
3.171194E-01
3.164581E-01
3.157965E-01
3.151345E-01
3.144722E-01
3.138096E-01
3.131466E-01
3.124834E-01
3.118198E-01
3.111559E-01
3.104917E-01
3.098272E-01
3.091623E-01
3.084972E-01
3.078317E-01
3.071659E-01
3.064997E-01
3.058333E-01
3.051665E-01
3.044994E-01
3.038320E-01
3.031643E-01
3.024963E-01
3.018279E-01
3.011592E-01
3.004902E-01
2.998209E-01
2.991512E-01
2.984812E-01
2.978109E-01
2.971403E-01
2.964694E-01
2.957982E-01
2.951266E-01
2.944547E-01
2.937825E-01
2.931099E-01
2.924371E-01
2.917639E-01
2.910904E-01
2.904166E-01
2.897425E-01
2.890680E-01
2.883932E-01
2.877181E-01
2.870427E-01
2.863670E-01
2.856909E-01
2.850145E-01
2.843378E-01
2.836608E-01
2.829835E-01
2.823058E-01
2.816278E-01
2.809495E-01
2.802709E-01
2.795919E-01
2.789126E-01
2.782331E-01
2.775531E-01
2.768729E-01
2.761924E-01
2.755115E-01
2.748303E-01
2.741488E-01
2.734669E-01
2.727848E-01
2.721023E-01
2.714195E-01
2.707363E-01
2.700529E-01
2.693691E-01
2.686850E-01
2.680006E-01
2.673159E-01
2.666308E-01
2.659454E-01
2.652597E-01
2.645737E-01
2.638874E-01
2.632007E-01
2.625137E-01
2.618264E-01
2.611388E-01
2.604508E-01
2.597626E-01
2.590740E-01
2.583851E-01
2.576958E-01
2.570063E-01
2.563164E-01
2.556262E-01
2.549356E-01
2.542448E-01
2.535536E-01
2.528621E-01
2.521703E-01
2.514782E-01
2.507857E-01
2.500930E-01
2.493999E-01
2.487064E-01
2.480127E-01
2.473186E-01
2.466242E-01
2.459295E-01
2.452345E-01
2.445392E-01
2.438435E-01
2.431475E-01
2.424512E-01
2.417545E-01
2.410576E-01
2.403603E-01
2.396627E-01
2.389648E-01
2.382665E-01
2.375680E-01
2.368691E-01
2.361699E-01
2.354703E-01
2.347705E-01
2.340703E-01
2.333698E-01
2.326690E-01
2.319679E-01
2.312664E-01
2.305646E-01
2.298625E-01
2.291601E-01
2.284573E-01
2.277543E-01
2.270509E-01
2.263472E-01
2.256432E-01
2.249388E-01
2.242341E-01
2.235292E-01
2.228238E-01
2.221182E-01
2.214123E-01
2.207060E-01
2.199994E-01
2.192925E-01
2.185852E-01
2.178777E-01
2.171698E-01
2.164616E-01
2.157531E-01
2.150443E-01
2.143351E-01
2.136256E-01
2.129158E-01
2.122057E-01
2.114953E-01
2.107845E-01
2.100734E-01
2.093620E-01
2.086503E-01
2.079383E-01
2.072259E-01
2.065132E-01
2.058002E-01
2.050869E-01
2.043733E-01
2.036593E-01
2.029450E-01
2.022304E-01
2.015155E-01
2.008003E-01
2.000847E-01
1.993689E-01
1.986527E-01
1.979362E-01
1.972193E-01
1.965022E-01
1.957847E-01
1.950669E-01
1.943488E-01
1.936304E-01
1.929116E-01
1.921926E-01
1.914732E-01
1.907535E-01
1.900335E-01
1.893131E-01
1.885925E-01
1.878715E-01
1.871502E-01
1.864286E-01
1.857067E-01
1.849844E-01
1.842619E-01
1.835390E-01
1.828158E-01
1.820922E-01
1.813684E-01
1.806442E-01
1.799198E-01
1.791950E-01
1.784699E-01
1.777444E-01
1.770187E-01
1.762926E-01
1.755662E-01
1.748395E-01
1.741125E-01
1.733852E-01
1.726575E-01
1.719295E-01
1.712013E-01
1.704726E-01
1.697437E-01
1.690145E-01
1.682849E-01
1.675550E-01
1.668248E-01
1.660943E-01
1.653635E-01
1.646323E-01
1.639009E-01
1.631691E-01
1.624370E-01
1.617046E-01
1.609718E-01
1.602388E-01
1.595054E-01
1.587717E-01
1.580377E-01
1.573033E-01
1.565687E-01
1.558337E-01
1.550985E-01
1.543629E-01
1.536269E-01
1.528907E-01
1.521541E-01
1.514173E-01
1.506801E-01
1.499426E-01
1.492048E-01
1.484666E-01
1.477281E-01
1.469894E-01
1.462503E-01
1.455109E-01
1.447711E-01
1.440311E-01
1.432907E-01
1.425500E-01
1.418090E-01
1.410677E-01
1.403260E-01
1.395841E-01
1.388418E-01
1.380992E-01
1.373562E-01
1.366130E-01
1.358695E-01
1.351256E-01
1.343814E-01
1.336369E-01
1.328920E-01
1.321469E-01
1.314014E-01
1.306556E-01
1.299095E-01
1.291631E-01
1.284163E-01
1.276692E-01
1.269218E-01
1.261741E-01
1.254261E-01
1.246777E-01
1.239291E-01
1.231801E-01
1.224307E-01
1.216811E-01
1.209312E-01
1.201809E-01
1.194303E-01
1.186794E-01
1.179281E-01
1.171766E-01
1.164247E-01
1.156725E-01
1.149199E-01
1.141671E-01
1.134139E-01
1.126604E-01
1.119066E-01
1.111525E-01
1.103980E-01
1.096433E-01
1.088881E-01
1.081327E-01
1.073770E-01
1.066209E-01
1.058645E-01
1.051078E-01
1.043508E-01
1.035934E-01
1.028357E-01
1.020777E-01
1.013194E-01
1.005607E-01
9.980175E-02
9.904244E-02
9.828282E-02
9.752287E-02
9.676260E-02
9.600200E-02
9.524108E-02
9.447983E-02
9.371826E-02
9.295637E-02
9.219415E-02
9.143161E-02
9.066874E-02
8.990555E-02
8.914203E-02
8.837819E-02
8.761403E-02
8.684953E-02
8.608472E-02
8.531958E-02
8.455411E-02
8.378832E-02
8.302221E-02
8.225577E-02
8.148900E-02
8.072191E-02
7.995450E-02
7.918676E-02
7.841869E-02
7.765030E-02
7.688159E-02
7.611255E-02
7.534318E-02
7.457350E-02
7.380348E-02
7.303314E-02
7.226248E-02
7.149149E-02
7.072017E-02
6.994854E-02
6.917657E-02
6.840429E-02
6.763168E-02
6.685874E-02
6.608548E-02
6.531190E-02
6.453799E-02
6.376376E-02
6.298921E-02
6.221433E-02
6.143913E-02
6.066360E-02
5.988776E-02
5.911159E-02
5.833510E-02
5.755828E-02
5.678115E-02
5.600369E-02
5.522591E-02
5.444781E-02
5.366939E-02
5.289065E-02
5.211159E-02
5.133220E-02
5.055250E-02
4.977248E-02
4.899214E-02
4.821148E-02
4.743051E-02
4.664921E-02
4.586760E-02
4.508567E-02
4.430343E-02
4.352087E-02
4.273799E-02
4.195480E-02
4.117129E-02
4.038747E-02
3.960334E-02
3.881889E-02
3.803413E-02
3.724906E-02
3.646368E-02
3.567798E-02
3.489198E-02
3.410567E-02
3.331905E-02
3.253212E-02
3.174488E-02
3.095734E-02
3.016949E-02
2.938133E-02
2.859287E-02
2.780411E-02
2.701505E-02
2.622568E-02
2.543601E-02
2.464604E-02
2.385578E-02
2.306521E-02
2.227435E-02
2.148319E-02
2.069173E-02
1.989998E-02
1.910794E-02
1.831561E-02
1.752298E-02
1.673006E-02
1.593686E-02
1.514336E-02
1.434958E-02
1.355552E-02
1.276117E-02
1.196653E-02
1.117162E-02
1.037642E-02
9.580946E-03
8.785193E-03
7.989163E-03
7.192858E-03
6.396279E-03
5.599428E-03
4.802306E-03
4.004914E-03
3.207255E-03
2.409329E-03
1.611138E-03
8.126846E-04
6.984621E-06
