2.596365E-06
8.046361E-04
1.603789E-03
2.402651E-03
3.201221E-03
3.999497E-03
4.797480E-03
5.595167E-03
6.392558E-03
7.189653E-03
7.986450E-03
8.782949E-03
9.579148E-03
1.037505E-02
1.117065E-02
1.196594E-02
1.276094E-02
1.355563E-02
1.435002E-02
1.514410E-02
1.593788E-02
1.673135E-02
1.752452E-02
1.831738E-02
1.910993E-02
1.990217E-02
2.069410E-02
2.148573E-02
2.227705E-02
2.306805E-02
2.385874E-02
2.464913E-02
2.543920E-02
2.622896E-02
2.701840E-02
2.780753E-02
2.859635E-02
2.938486E-02
3.017305E-02
3.096092E-02
3.174848E-02
3.253573E-02
3.332265E-02
3.410927E-02
3.489556E-02
3.568154E-02
3.646720E-02
3.725254E-02
3.803757E-02
3.882228E-02
3.960667E-02
4.039074E-02
4.117449E-02
4.195792E-02
4.274104E-02
4.352383E-02
4.430630E-02
4.508846E-02
4.587029E-02
4.665180E-02
4.743300E-02
4.821387E-02
4.899442E-02
4.977465E-02
5.055456E-02
5.133415E-02
5.211342E-02
5.289236E-02
5.367099E-02
5.444929E-02
5.522727E-02
5.600493E-02
5.678227E-02
5.755928E-02
5.833598E-02
5.911235E-02
5.988840E-02
6.066412E-02
6.143953E-02
6.221461E-02
6.298937E-02
6.376380E-02
6.453792E-02
6.531171E-02
6.608518E-02
6.685833E-02
6.763115E-02
6.840365E-02
6.917583E-02
6.994769E-02
7.071923E-02
7.149044E-02
7.226133E-02
7.303189E-02
7.380214E-02
7.457206E-02
7.534166E-02
7.611094E-02
7.687989E-02
7.764853E-02
7.841684E-02
7.918482E-02
7.995249E-02
8.071983E-02
8.148685E-02
8.225355E-02
8.301993E-02
8.378599E-02
8.455172E-02
8.531713E-02
8.608222E-02
8.684699E-02
8.761143E-02
8.837556E-02
8.913936E-02
8.990284E-02
9.066600E-02
9.142883E-02
9.219135E-02
9.295354E-02
9.371542E-02
9.447697E-02
9.523820E-02
9.599911E-02
9.675970E-02
9.751996E-02
9.827991E-02
9.903954E-02
9.979884E-02
1.005578E-01
1.013165E-01
1.020748E-01
1.028328E-01
1.035905E-01
1.043479E-01
1.051050E-01
1.058617E-01
1.066181E-01
1.073742E-01
1.081300E-01
1.088855E-01
1.096406E-01
1.103954E-01
1.111499E-01
1.119041E-01
1.126580E-01
1.134115E-01
1.141647E-01
1.149176E-01
1.156702E-01
1.164225E-01
1.171744E-01
1.179260E-01
1.186773E-01
1.194283E-01
1.201790E-01
1.209293E-01
1.216793E-01
1.224290E-01
1.231784E-01
1.239275E-01
1.246762E-01
1.254246E-01
1.261727E-01
1.269205E-01
1.276680E-01
1.284151E-01
1.291620E-01
1.299085E-01
1.306547E-01
1.314005E-01
1.321461E-01
1.328913E-01
1.336362E-01
1.343808E-01
1.351251E-01
1.358690E-01
1.366127E-01
1.373560E-01
1.380990E-01
1.388417E-01
1.395840E-01
1.403261E-01
1.410678E-01
1.418092E-01
1.425503E-01
1.432910E-01
1.440315E-01
1.447716E-01
1.455114E-01
1.462509E-01
1.469901E-01
1.477289E-01
1.484675E-01
1.492057E-01
1.499436E-01
1.506812E-01
1.514184E-01
1.521554E-01
1.528920E-01
1.536283E-01
1.543643E-01
1.550999E-01
1.558353E-01
1.565703E-01
1.573050E-01
1.580394E-01
1.587734E-01
1.595072E-01
1.602406E-01
1.609737E-01
1.617065E-01
1.624390E-01
1.631711E-01
1.639030E-01
1.646345E-01
1.653657E-01
1.660965E-01
1.668271E-01
1.675573E-01
1.682872E-01
1.690168E-01
1.697461E-01
1.704751E-01
1.712037E-01
1.719320E-01
1.726600E-01
1.733877E-01
1.741150E-01
1.748421E-01
1.755688E-01
1.762952E-01
1.770213E-01
1.777470E-01
1.784725E-01
1.791976E-01
1.799224E-01
1.806469E-01
1.813710E-01
1.820949E-01
1.828184E-01
1.835416E-01
1.842645E-01
1.849870E-01
1.857093E-01
1.864312E-01
1.871528E-01
1.878741E-01
1.885950E-01
1.893157E-01
1.900360E-01
1.907560E-01
1.914757E-01
1.921950E-01
1.929141E-01
1.936328E-01
1.943512E-01
1.950693E-01
1.957870E-01
1.965045E-01
1.972216E-01
1.979384E-01
1.986548E-01
1.993710E-01
2.000868E-01
2.008023E-01
2.015175E-01
2.022324E-01
2.029470E-01
2.036612E-01
2.043751E-01
2.050887E-01
2.058020E-01
2.065149E-01
2.072275E-01
2.079398E-01
2.086518E-01
2.093635E-01
2.100748E-01
2.107859E-01
2.114966E-01
2.122069E-01
2.129170E-01
2.136267E-01
2.143362E-01
2.150453E-01
2.157540E-01
2.164625E-01
2.171706E-01
2.178784E-01
2.185859E-01
2.192931E-01
2.200000E-01
2.207065E-01
2.214127E-01
2.221186E-01
2.228242E-01
2.235294E-01
2.242343E-01
2.249389E-01
2.256432E-01
2.263472E-01
2.270508E-01
2.277542E-01
2.284572E-01
2.291598E-01
2.298622E-01
2.305642E-01
2.312660E-01
2.319674E-01
2.326684E-01
2.333692E-01
2.340696E-01
2.347697E-01
2.354695E-01
2.361690E-01
2.368682E-01
2.375670E-01
2.382655E-01
2.389637E-01
2.396616E-01
2.403591E-01
2.410563E-01
2.417532E-01
2.424498E-01
2.431461E-01
2.438420E-01
2.445377E-01
2.452330E-01
2.459279E-01
2.466226E-01
2.473169E-01
2.480110E-01
2.487047E-01
2.493980E-01
2.500911E-01
2.507838E-01
2.514763E-01
2.521684E-01
2.528601E-01
2.535516E-01
2.542427E-01
2.549335E-01
2.556240E-01
2.563142E-01
2.570041E-01
2.576936E-01
2.583828E-01
2.590717E-01
2.597603E-01
2.604485E-01
2.611365E-01
2.618241E-01
2.625114E-01
2.631983E-01
2.638850E-01
2.645713E-01
2.652573E-01
2.659430E-01
2.666284E-01
2.673134E-01
2.679982E-01
2.686826E-01
2.693667E-01
2.700504E-01
2.707339E-01
2.714170E-01
2.720998E-01
2.727823E-01
2.734645E-01
2.741463E-01
2.748278E-01
2.755091E-01
2.761899E-01
2.768705E-01
2.775508E-01
2.782307E-01
2.789103E-01
2.795896E-01
2.802686E-01
2.809472E-01
2.816255E-01
2.823036E-01
2.829812E-01
2.836586E-01
2.843357E-01
2.850124E-01
2.856888E-01
2.863649E-01
2.870407E-01
2.877161E-01
2.883913E-01
2.890661E-01
2.897406E-01
2.904147E-01
2.910886E-01
2.917621E-01
2.924353E-01
2.931082E-01
2.937808E-01
2.944531E-01
2.951250E-01
2.957966E-01
2.964679E-01
2.971389E-01
2.978096E-01
2.984799E-01
2.991499E-01
2.998196E-01
3.004890E-01
3.011580E-01
3.018268E-01
3.024952E-01
3.031633E-01
3.038311E-01
3.044986E-01
3.051657E-01
3.058325E-01
3.064990E-01
3.071652E-01
3.078311E-01
3.084966E-01
3.091618E-01
3.098267E-01
3.104913E-01
3.111556E-01
3.118195E-01
3.124832E-01
3.131465E-01
3.138095E-01
3.144721E-01
3.151345E-01
3.157965E-01
3.164582E-01
3.171196E-01
3.177807E-01
3.184414E-01
3.191019E-01
3.197620E-01
3.204218E-01
3.210813E-01
3.217404E-01
3.223992E-01
3.230578E-01
3.237159E-01
3.243738E-01
3.250314E-01
3.256886E-01
3.263455E-01
3.270021E-01
3.276584E-01
3.283144E-01
3.289700E-01
3.296253E-01
3.302803E-01
3.309350E-01
3.315893E-01
3.322434E-01
3.328971E-01
3.335505E-01
3.342036E-01
3.348563E-01
3.355088E-01
3.361609E-01
3.368127E-01
3.374642E-01
3.381153E-01
3.387662E-01
3.394167E-01
3.400669E-01
3.407168E-01
3.413663E-01
3.420156E-01
3.426645E-01
3.433131E-01
3.439614E-01
3.446093E-01
3.452570E-01
3.459043E-01
3.465513E-01
3.471980E-01
3.478443E-01
3.484904E-01
3.491361E-01
3.497815E-01
3.504265E-01
3.510713E-01
3.517157E-01
3.523599E-01
3.530037E-01
3.536471E-01
3.542903E-01
3.549331E-01
3.555756E-01
3.562178E-01
3.568597E-01
3.575013E-01
3.581425E-01
3.587834E-01
3.594240E-01
3.600643E-01
3.607042E-01
3.613439E-01
3.619832E-01
3.626222E-01
3.632609E-01
3.638992E-01
3.645372E-01
3.651750E-01
3.658123E-01
3.664494E-01
3.670862E-01
3.677226E-01
3.683587E-01
3.689945E-01
3.696300E-01
3.702651E-01
3.708999E-01
3.715344E-01
3.721686E-01
3.728025E-01
3.734360E-01
3.740693E-01
3.747022E-01
3.753347E-01
3.759670E-01
3.765990E-01
3.772306E-01
3.778619E-01
3.784929E-01
3.791235E-01
3.797539E-01
3.803839E-01
3.810136E-01
3.816429E-01
3.822720E-01
3.829007E-01
3.835292E-01
3.841573E-01
3.847850E-01
3.854125E-01
3.860396E-01
3.866664E-01
3.872929E-01
3.879191E-01
3.885449E-01
3.891705E-01
3.897957E-01
3.904206E-01
3.910451E-01
3.916694E-01
3.922933E-01
3.929169E-01
3.935402E-01
3.941632E-01
3.947858E-01
3.954081E-01
3.960301E-01
3.966518E-01
3.972732E-01
3.978942E-01
3.985150E-01
3.991354E-01
3.997554E-01
4.003752E-01
4.009946E-01
4.016138E-01
4.022325E-01
4.028510E-01
4.034692E-01
4.040870E-01
4.047045E-01
4.053217E-01
4.059386E-01
4.065552E-01
4.071714E-01
4.077873E-01
4.084029E-01
4.090182E-01
4.096331E-01
4.102478E-01
4.108621E-01
4.114761E-01
4.120897E-01
4.127031E-01
4.133161E-01
4.139288E-01
4.145412E-01
4.151533E-01
4.157650E-01
4.163765E-01
4.169876E-01
4.175984E-01
4.182088E-01
4.188190E-01
4.194288E-01
4.200383E-01
4.206475E-01
4.212564E-01
4.218649E-01
4.224731E-01
4.230810E-01
4.236886E-01
4.242959E-01
4.249028E-01
4.255095E-01
4.261158E-01
4.267218E-01
4.273274E-01
4.279328E-01
4.285378E-01
4.291425E-01
4.297469E-01
4.303509E-01
4.309547E-01
4.315581E-01
4.321612E-01
4.327640E-01
4.333665E-01
4.339686E-01
4.345704E-01
4.351719E-01
4.357731E-01
4.363740E-01
4.369745E-01
4.375748E-01
4.381747E-01
4.387742E-01
4.393735E-01
4.399725E-01
4.405711E-01
4.411694E-01
4.417674E-01
4.423650E-01
4.429624E-01
4.435594E-01
4.441561E-01
4.447525E-01
4.453486E-01
4.459443E-01
4.465397E-01
4.471348E-01
4.477296E-01
4.483241E-01
4.489182E-01
4.495121E-01
4.501056E-01
4.506988E-01
4.512916E-01
4.518842E-01
4.524764E-01
4.530683E-01
4.536599E-01
4.542512E-01
4.548421E-01
4.554328E-01
4.560231E-01
4.566131E-01
4.572027E-01
4.577921E-01
4.583811E-01
4.589698E-01
4.595582E-01
4.601463E-01
4.607340E-01
4.613215E-01
4.619086E-01
4.624954E-01
4.630819E-01
4.636680E-01
4.642538E-01
4.648394E-01
4.654245E-01
4.660094E-01
4.665940E-01
4.671782E-01
4.677621E-01
4.683457E-01
4.689290E-01
4.695120E-01
4.700946E-01
4.706769E-01
4.712589E-01
4.718406E-01
4.724219E-01
4.730030E-01
4.735837E-01
4.741641E-01
4.747442E-01
4.753239E-01
4.759034E-01
4.764825E-01
4.770613E-01
4.776398E-01
4.782179E-01
4.787958E-01
4.793733E-01
4.799505E-01
4.805274E-01
4.811039E-01
4.816802E-01
4.822561E-01
4.828317E-01
4.834070E-01
4.839819E-01
4.845566E-01
4.851309E-01
4.857049E-01
4.862786E-01
4.868519E-01
4.874250E-01
4.879977E-01
4.885701E-01
4.891422E-01
4.897139E-01
4.902854E-01
4.908565E-01
4.914273E-01
4.919978E-01
4.925680E-01
4.931378E-01
4.937073E-01
4.942765E-01
4.948454E-01
4.954140E-01
4.959822E-01
4.965501E-01
4.971177E-01
4.976850E-01
4.982520E-01
4.988186E-01
4.993849E-01
4.999509E-01
5.005166E-01
5.010820E-01
5.016470E-01
5.022117E-01
5.027761E-01
5.033402E-01
5.039040E-01
5.044674E-01
5.050305E-01
5.055933E-01
5.061558E-01
5.067180E-01
5.072798E-01
5.078413E-01
5.084025E-01
5.089634E-01
5.095240E-01
5.100842E-01
5.106441E-01
5.112037E-01
5.117630E-01
5.123220E-01
5.128806E-01
5.134389E-01
5.139969E-01
5.145546E-01
5.151119E-01
5.156690E-01
5.162257E-01
5.167821E-01
5.173382E-01
5.178939E-01
5.184493E-01
5.190045E-01
5.195593E-01
5.201137E-01
5.206679E-01
5.212217E-01
5.217752E-01
5.223284E-01
5.228813E-01
5.234338E-01
5.239861E-01
5.245380E-01
5.250896E-01
5.256408E-01
5.261918E-01
5.267424E-01
5.272927E-01
5.278427E-01
5.283923E-01
5.289417E-01
5.294907E-01
5.300394E-01
5.305878E-01
5.311359E-01
5.316836E-01
5.322310E-01
5.327781E-01
5.333249E-01
5.338714E-01
5.344175E-01
5.349633E-01
5.355088E-01
5.360540E-01
5.365989E-01
5.371434E-01
5.376876E-01
5.382315E-01
5.387751E-01
5.393184E-01
5.398613E-01
5.404039E-01
5.409462E-01
5.414882E-01
5.420298E-01
5.425712E-01
5.431122E-01
5.436529E-01
5.441932E-01
5.447333E-01
5.452730E-01
5.458124E-01
5.463515E-01
5.468903E-01
5.474287E-01
5.479669E-01
5.485047E-01
5.490422E-01
5.495793E-01
5.501162E-01
5.506527E-01
5.511889E-01
5.517248E-01
5.522604E-01
5.527956E-01
5.533305E-01
5.538651E-01
5.543994E-01
5.549334E-01
5.554670E-01
5.560003E-01
5.565333E-01
5.570660E-01
5.575984E-01
5.581304E-01
5.586622E-01
5.591936E-01
5.597246E-01
5.602554E-01
5.607858E-01
5.613160E-01
5.618458E-01
5.623752E-01
5.629044E-01
5.634332E-01
5.639618E-01
5.644899E-01
5.650178E-01
5.655454E-01
5.660726E-01
5.665995E-01
5.671261E-01
5.676524E-01
5.681784E-01
5.687040E-01
5.692293E-01
5.697543E-01
5.702790E-01
5.708034E-01
5.713274E-01
5.718511E-01
5.723745E-01
5.728976E-01
5.734203E-01
5.739428E-01
5.744649E-01
5.749867E-01
5.755082E-01
5.760293E-01
5.765502E-01
5.770707E-01
5.775909E-01
5.781107E-01
5.786303E-01
5.791495E-01
5.796684E-01
5.801870E-01
5.807053E-01
5.812233E-01
5.817409E-01
5.822582E-01
5.827752E-01
5.832919E-01
5.838082E-01
5.843243E-01
5.848400E-01
5.853554E-01
5.858705E-01
5.863852E-01
5.868997E-01
5.874138E-01
5.879276E-01
5.884411E-01
5.889542E-01
5.894670E-01
5.899796E-01
5.904918E-01
5.910036E-01
5.915152E-01
5.920264E-01
5.925374E-01
5.930480E-01
5.935582E-01
5.940682E-01
5.945778E-01
5.950871E-01
5.955961E-01
5.961048E-01
5.966132E-01
5.971212E-01
5.976289E-01
5.981363E-01
5.986434E-01
5.991502E-01
5.996566E-01
6.001627E-01
6.006685E-01
6.011740E-01
6.016792E-01
6.021840E-01
6.026885E-01
6.031927E-01
6.036966E-01
6.042002E-01
6.047034E-01
6.052063E-01
6.057089E-01
6.062112E-01
6.067132E-01
6.072148E-01
6.077162E-01
6.082172E-01
6.087178E-01
6.092182E-01
6.097183E-01
6.102180E-01
6.107174E-01
6.112165E-01
6.117152E-01
6.122137E-01
6.127118E-01
6.132096E-01
6.137071E-01
6.142042E-01
6.147011E-01
6.151976E-01
6.156938E-01
6.161897E-01
6.166853E-01
6.171805E-01
6.176754E-01
6.181701E-01
6.186643E-01
6.191583E-01
6.196519E-01
6.201453E-01
6.206383E-01
6.211310E-01
6.216233E-01
6.221154E-01
6.226071E-01
6.230985E-01
6.235896E-01
6.240804E-01
6.245708E-01
6.250609E-01
6.255507E-01
6.260402E-01
6.265294E-01
6.270182E-01
6.275068E-01
6.279950E-01
6.284829E-01
6.289704E-01
6.294577E-01
6.299446E-01
6.304312E-01
6.309175E-01
6.314035E-01
6.318891E-01
6.323744E-01
6.328594E-01
6.333441E-01
6.338285E-01
6.343125E-01
6.347963E-01
6.352797E-01
6.357628E-01
6.362455E-01
6.367280E-01
6.372101E-01
6.376919E-01
6.381734E-01
6.386545E-01
6.391354E-01
6.396159E-01
6.400961E-01
6.405760E-01
6.410556E-01
6.415348E-01
6.420137E-01
6.424923E-01
6.429706E-01
6.434486E-01
6.439262E-01
6.444035E-01
6.448805E-01
6.453572E-01
6.458336E-01
6.463096E-01
6.467853E-01
6.472607E-01
6.477358E-01
6.482106E-01
6.486850E-01
6.491591E-01
6.496329E-01
6.501064E-01
6.505796E-01
6.510524E-01
6.515249E-01
6.519971E-01
6.524690E-01
6.529405E-01
6.534118E-01
6.538827E-01
6.543533E-01
6.548236E-01
6.552935E-01
6.557632E-01
6.562325E-01
6.567015E-01
6.571701E-01
6.576385E-01
6.581065E-01
6.585742E-01
6.590416E-01
6.595087E-01
6.599754E-01
6.604419E-01
6.609080E-01
6.613738E-01
6.618392E-01
6.623044E-01
6.627692E-01
6.632337E-01
6.636979E-01
6.641618E-01
6.646253E-01
6.650886E-01
6.655515E-01
6.660140E-01
6.664763E-01
6.669383E-01
6.673999E-01
6.678612E-01
6.683222E-01
6.687828E-01
6.692432E-01
6.697032E-01
6.701629E-01
6.706223E-01
6.710813E-01
6.715401E-01
6.719985E-01
6.724566E-01
6.729144E-01
6.733718E-01
6.738290E-01
6.742858E-01
6.747423E-01
6.751985E-01
6.756543E-01
6.761099E-01
6.765651E-01
6.770200E-01
6.774745E-01
6.779288E-01
6.783827E-01
6.788363E-01
6.792896E-01
6.797426E-01
6.801953E-01
6.806476E-01
6.810996E-01
6.815513E-01
6.820027E-01
6.824537E-01
6.829045E-01
6.833549E-01
6.838050E-01
6.842547E-01
6.847042E-01
6.851533E-01
6.856021E-01
6.860506E-01
6.864988E-01
6.869466E-01
6.873942E-01
6.878414E-01
6.882883E-01
6.887348E-01
6.891811E-01
6.896270E-01
6.900726E-01
6.905179E-01
6.909629E-01
6.914075E-01
6.918518E-01
6.922959E-01
6.927395E-01
6.931829E-01
6.936260E-01
6.940687E-01
6.945111E-01
6.949532E-01
6.953949E-01
6.958364E-01
6.962775E-01
6.967183E-01
6.971588E-01
6.975990E-01
6.980388E-01
6.984783E-01
6.989175E-01
6.993564E-01
6.997950E-01
7.002332E-01
7.006712E-01
7.011088E-01
7.015461E-01
7.019830E-01
7.024197E-01
7.028560E-01
7.032920E-01
7.037277E-01
7.041630E-01
7.045981E-01
7.050328E-01
7.054672E-01
7.059013E-01
7.063351E-01
7.067685E-01
7.072016E-01
7.076344E-01
7.080669E-01
7.084991E-01
7.089309E-01
7.093625E-01
7.097937E-01
7.102246E-01
7.106551E-01
7.110854E-01
7.115153E-01
7.119449E-01
7.123742E-01
7.128031E-01
7.132318E-01
7.136601E-01
7.140881E-01
7.145158E-01
7.149432E-01
7.153702E-01
7.157969E-01
7.162234E-01
7.166494E-01
7.170752E-01
7.175007E-01
7.179258E-01
7.183506E-01
7.187751E-01
7.191992E-01
7.196231E-01
7.200466E-01
7.204698E-01
7.208927E-01
7.213153E-01
7.217375E-01
7.221595E-01
7.225811E-01
7.230023E-01
7.234233E-01
7.238440E-01
7.242643E-01
7.246843E-01
7.251040E-01
7.255234E-01
7.259424E-01
7.263611E-01
7.267795E-01
7.271976E-01
7.276154E-01
7.280329E-01
7.284500E-01
7.288668E-01
7.292833E-01
7.296995E-01
7.301153E-01
7.305308E-01
7.309460E-01
7.313609E-01
7.317755E-01
7.321898E-01
7.326037E-01
7.330173E-01
7.334306E-01
7.338436E-01
7.342562E-01
7.346685E-01
7.350806E-01
7.354922E-01
7.359036E-01
7.363147E-01
7.367254E-01
7.371358E-01
7.375459E-01
7.379557E-01
7.383651E-01
7.387743E-01
7.391831E-01
7.395916E-01
7.399997E-01
7.404076E-01
7.408151E-01
7.412223E-01
7.416292E-01
7.420358E-01
7.424420E-01
7.428480E-01
7.432536E-01
7.436589E-01
7.440638E-01
7.444685E-01
7.448728E-01
7.452768E-01
7.456805E-01
7.460839E-01
7.464869E-01
7.468897E-01
7.472921E-01
7.476942E-01
7.480960E-01
7.484974E-01
7.488985E-01
7.492993E-01
7.496998E-01
7.501000E-01
7.504999E-01
7.508994E-01
7.512986E-01
7.516975E-01
7.520961E-01
7.524943E-01
7.528922E-01
7.532898E-01
7.536871E-01
7.540841E-01
7.544807E-01
7.548771E-01
7.552731E-01
7.556688E-01
7.560641E-01
7.564592E-01
7.568539E-01
7.572483E-01
7.576424E-01
7.580362E-01
7.584296E-01
7.588227E-01
7.592155E-01
7.596080E-01
7.600002E-01
7.603920E-01
7.607836E-01
7.611748E-01
7.615656E-01
7.619562E-01
7.623465E-01
7.627364E-01
7.631260E-01
7.635153E-01
7.639042E-01
7.642929E-01
7.646812E-01
7.650692E-01
7.654569E-01
7.658442E-01
7.662313E-01
7.666180E-01
7.670044E-01
7.673905E-01
7.677762E-01
7.681617E-01
7.685468E-01
7.689316E-01
7.693161E-01
7.697002E-01
7.700841E-01
7.704676E-01
7.708508E-01
7.712336E-01
7.716162E-01
7.719984E-01
7.723803E-01
7.727619E-01
7.731432E-01
7.735242E-01
7.739048E-01
7.742851E-01
7.746651E-01
7.750448E-01
7.754241E-01
7.758032E-01
7.761819E-01
7.765603E-01
7.769383E-01
7.773161E-01
7.776935E-01
7.780706E-01
7.784474E-01
7.788239E-01
7.792000E-01
7.795759E-01
7.799514E-01
7.803266E-01
7.807014E-01
7.810760E-01
7.814502E-01
7.818241E-01
7.821977E-01
7.825709E-01
7.829439E-01
7.833165E-01
7.836888E-01
7.840608E-01
7.844325E-01
7.848038E-01
7.851748E-01
7.855455E-01
7.859159E-01
7.862860E-01
7.866557E-01
7.870251E-01
7.873942E-01
7.877630E-01
7.881315E-01
7.884996E-01
7.888674E-01
7.892349E-01
7.896021E-01
7.899690E-01
7.903355E-01
7.907017E-01
7.910676E-01
7.914332E-01
7.917985E-01
7.921634E-01
7.925280E-01
7.928923E-01
7.932563E-01
7.936200E-01
7.939833E-01
7.943463E-01
7.947090E-01
7.950714E-01
7.954334E-01
7.957952E-01
7.961566E-01
7.965177E-01
7.968785E-01
7.972389E-01
7.975991E-01
7.979589E-01
7.983184E-01
7.986775E-01
7.990364E-01
7.993949E-01
7.997531E-01
8.001110E-01
8.004686E-01
8.008259E-01
8.011828E-01
8.015394E-01
8.018957E-01
8.022517E-01
8.026073E-01
8.029627E-01
8.033177E-01
8.036724E-01
8.040268E-01
8.043808E-01
8.047345E-01
8.050880E-01
8.054410E-01
8.057938E-01
8.061463E-01
8.064984E-01
8.068502E-01
8.072017E-01
8.075529E-01
8.079037E-01
8.082543E-01
8.086045E-01
8.089544E-01
8.093039E-01
8.096532E-01
8.100021E-01
8.103507E-01
8.106990E-01
8.110470E-01
8.113947E-01
8.117420E-01
8.120890E-01
8.124357E-01
8.127821E-01
8.131281E-01
8.134739E-01
8.138193E-01
8.141644E-01
8.145091E-01
8.148536E-01
8.151977E-01
8.155415E-01
8.158850E-01
8.162282E-01
8.165711E-01
8.169136E-01
8.172558E-01
8.175977E-01
8.179393E-01
8.182805E-01
8.186215E-01
8.189621E-01
8.193024E-01
8.196423E-01
8.199820E-01
8.203213E-01
8.206603E-01
8.209990E-01
8.213374E-01
8.216755E-01
8.220132E-01
8.223506E-01
8.226877E-01
8.230245E-01
8.233609E-01
8.236971E-01
8.240329E-01
8.243684E-01
8.247036E-01
8.250384E-01
8.253730E-01
8.257072E-01
8.260411E-01
8.263746E-01
8.267079E-01
8.270408E-01
8.273735E-01
8.277058E-01
8.280377E-01
8.283694E-01
8.287007E-01
8.290317E-01
8.293624E-01
8.296928E-01
8.300229E-01
8.303526E-01
8.306820E-01
8.310111E-01
8.313399E-01
8.316684E-01
8.319965E-01
8.323243E-01
8.326518E-01
8.329790E-01
8.333058E-01
8.336324E-01
8.339586E-01
8.342845E-01
8.346101E-01
8.349353E-01
8.352603E-01
8.355849E-01
8.359092E-01
8.362331E-01
8.365568E-01
8.368801E-01
8.372032E-01
8.375259E-01
8.378482E-01
8.381703E-01
8.384920E-01
8.388134E-01
8.391345E-01
8.394553E-01
8.397758E-01
8.400959E-01
8.404157E-01
8.407352E-01
8.410544E-01
8.413733E-01
8.416918E-01
8.420100E-01
8.423279E-01
8.426455E-01
8.429627E-01
8.432797E-01
8.435963E-01
8.439126E-01
8.442285E-01
8.445442E-01
8.448595E-01
8.451746E-01
8.454892E-01
8.458036E-01
8.461177E-01
8.464314E-01
8.467448E-01
8.470579E-01
8.473707E-01
8.476831E-01
8.479953E-01
8.483071E-01
8.486186E-01
8.489298E-01
8.492406E-01
8.495511E-01
8.498613E-01
8.501712E-01
8.504808E-01
8.507901E-01
8.510990E-01
8.514076E-01
8.517159E-01
8.520239E-01
8.523315E-01
8.526388E-01
8.529458E-01
8.532525E-01
8.535589E-01
8.538650E-01
8.541707E-01
8.544761E-01
8.547812E-01
8.550859E-01
8.553904E-01
8.556945E-01
8.559983E-01
8.563018E-01
8.566050E-01
8.569078E-01
8.572103E-01
8.575126E-01
8.578144E-01
8.581160E-01
8.584172E-01
8.587182E-01
8.590188E-01
8.593191E-01
8.596190E-01
8.599187E-01
8.602180E-01
8.605170E-01
8.608157E-01
8.611140E-01
8.614121E-01
8.617098E-01
8.620072E-01
8.623043E-01
8.626010E-01
8.628975E-01
8.631936E-01
8.634894E-01
8.637849E-01
8.640800E-01
8.643749E-01
8.646694E-01
8.649636E-01
8.652574E-01
8.655510E-01
8.658442E-01
8.661372E-01
8.664297E-01
8.667220E-01
8.670140E-01
8.673056E-01
8.675969E-01
8.678879E-01
8.681786E-01
8.684689E-01
8.687590E-01
8.690487E-01
8.693381E-01
8.696272E-01
8.699159E-01
8.702043E-01
8.704925E-01
8.707802E-01
8.710677E-01
8.713549E-01
8.716417E-01
8.719282E-01
8.722144E-01
8.725003E-01
8.727858E-01
8.730710E-01
8.733559E-01
8.736405E-01
8.739248E-01
8.742087E-01
8.744924E-01
8.747757E-01
8.750587E-01
8.753413E-01
8.756237E-01
8.759057E-01
8.761874E-01
8.764688E-01
8.767499E-01
8.770306E-01
8.773110E-01
8.775911E-01
8.778709E-01
8.781504E-01
8.784295E-01
8.787084E-01
8.789869E-01
8.792650E-01
8.795429E-01
8.798204E-01
8.800977E-01
8.803746E-01
8.806512E-01
8.809274E-01
8.812034E-01
8.814790E-01
8.817543E-01
8.820293E-01
8.823039E-01
8.825783E-01
8.828523E-01
8.831260E-01
8.833994E-01
8.836724E-01
8.839452E-01
8.842176E-01
8.844897E-01
8.847615E-01
8.850329E-01
8.853041E-01
8.855749E-01
8.858454E-01
8.861156E-01
8.863854E-01
8.866550E-01
8.869242E-01
8.871931E-01
8.874617E-01
8.877300E-01
8.879979E-01
8.882655E-01
8.885328E-01
8.887998E-01
8.890665E-01
8.893328E-01
8.895988E-01
8.898645E-01
8.901299E-01
8.903950E-01
8.906597E-01
8.909241E-01
8.911882E-01
8.914520E-01
8.917155E-01
8.919786E-01
8.922414E-01
8.925039E-01
8.927661E-01
8.930280E-01
8.932895E-01
8.935507E-01
8.938116E-01
8.940722E-01
8.943325E-01
8.945924E-01
8.948520E-01
8.951113E-01
8.953703E-01
8.956290E-01
8.958873E-01
8.961453E-01
8.964030E-01
8.966604E-01
8.969175E-01
8.971742E-01
8.974306E-01
8.976867E-01
8.979425E-01
8.981980E-01
8.984531E-01
8.987079E-01
8.989624E-01
8.992166E-01
8.994705E-01
8.997240E-01
8.999772E-01
9.002301E-01
9.004827E-01
9.007350E-01
9.009869E-01
9.012385E-01
9.014898E-01
9.017408E-01
9.019915E-01
9.022418E-01
9.024918E-01
9.027416E-01
9.029909E-01
9.032400E-01
9.034887E-01
9.037372E-01
9.039853E-01
9.042330E-01
9.044805E-01
9.047276E-01
9.049745E-01
9.052210E-01
9.054672E-01
9.057130E-01
9.059586E-01
9.062038E-01
9.064487E-01
9.066933E-01
9.069375E-01
9.071815E-01
9.074251E-01
9.076684E-01
9.079114E-01
9.081540E-01
9.083964E-01
9.086384E-01
9.088801E-01
9.091215E-01
9.093626E-01
9.096033E-01
9.098437E-01
9.100838E-01
9.103236E-01
9.105631E-01
9.108022E-01
9.110410E-01
9.112795E-01
9.115177E-01
9.117556E-01
9.119931E-01
9.122303E-01
9.124672E-01
9.127038E-01
9.129401E-01
9.131760E-01
9.134117E-01
9.136470E-01
9.138819E-01
9.141166E-01
9.143509E-01
9.145850E-01
9.148187E-01
9.150520E-01
9.152851E-01
9.155178E-01
9.157503E-01
9.159824E-01
9.162141E-01
9.164456E-01
9.166767E-01
9.169076E-01
9.171381E-01
9.173682E-01
9.175981E-01
9.178276E-01
9.180569E-01
9.182858E-01
9.185143E-01
9.187426E-01
9.189705E-01
9.191982E-01
9.194254E-01
9.196524E-01
9.198791E-01
9.201054E-01
9.203314E-01
9.205571E-01
9.207825E-01
9.210076E-01
9.212323E-01
9.214567E-01
9.216808E-01
9.219046E-01
9.221280E-01
9.223512E-01
9.225740E-01
9.227965E-01
9.230187E-01
9.232405E-01
9.234621E-01
9.236833E-01
9.239042E-01
9.241247E-01
9.243450E-01
9.245649E-01
9.247845E-01
9.250038E-01
9.252228E-01
9.254414E-01
9.256598E-01
9.258778E-01
9.260955E-01
9.263128E-01
9.265299E-01
9.267466E-01
9.269630E-01
9.271791E-01
9.273949E-01
9.276103E-01
9.278255E-01
9.280403E-01
9.282548E-01
9.284689E-01
9.286828E-01
9.288963E-01
9.291095E-01
9.293224E-01
9.295350E-01
9.297472E-01
9.299591E-01
9.301707E-01
9.303820E-01
9.305930E-01
9.308036E-01
9.310140E-01
9.312240E-01
9.314336E-01
9.316430E-01
9.318520E-01
9.320608E-01
9.322692E-01
9.324773E-01
9.326850E-01
9.328925E-01
9.330996E-01
9.333064E-01
9.335129E-01
9.337190E-01
9.339249E-01
9.341304E-01
9.343356E-01
9.345404E-01
9.347450E-01
9.349492E-01
9.351532E-01
9.353568E-01
9.355600E-01
9.357630E-01
9.359656E-01
9.361679E-01
9.363699E-01
9.365716E-01
9.367730E-01
9.369740E-01
9.371747E-01
9.373751E-01
9.375752E-01
9.377749E-01
9.379744E-01
9.381735E-01
9.383723E-01
9.385708E-01
9.387689E-01
9.389668E-01
9.391643E-01
9.393615E-01
9.395583E-01
9.397549E-01
9.399511E-01
9.401470E-01
9.403426E-01
9.405379E-01
9.407328E-01
9.409275E-01
9.411218E-01
9.413158E-01
9.415094E-01
9.417028E-01
9.418958E-01
9.420885E-01
9.422809E-01
9.424730E-01
9.426647E-01
9.428562E-01
9.430473E-01
9.432381E-01
9.434285E-01
9.436187E-01
9.438085E-01
9.439980E-01
9.441872E-01
9.443761E-01
9.445646E-01
9.447529E-01
9.449408E-01
9.451284E-01
9.453156E-01
9.455026E-01
9.456892E-01
9.458755E-01
9.460615E-01
9.462472E-01
9.464325E-01
9.466175E-01
9.468022E-01
9.469866E-01
9.471707E-01
9.473544E-01
9.475379E-01
9.477210E-01
9.479038E-01
9.480862E-01
9.482684E-01
9.484502E-01
9.486317E-01
9.488129E-01
9.489938E-01
9.491743E-01
9.493545E-01
9.495344E-01
9.497140E-01
9.498933E-01
9.500722E-01
9.502509E-01
9.504292E-01
9.506072E-01
9.507848E-01
9.509622E-01
9.511392E-01
9.513159E-01
9.514923E-01
9.516684E-01
9.518441E-01
9.520195E-01
9.521947E-01
9.523694E-01
9.525439E-01
9.527181E-01
9.528919E-01
9.530654E-01
9.532386E-01
9.534114E-01
9.535840E-01
9.537562E-01
9.539281E-01
9.540997E-01
9.542710E-01
9.544419E-01
9.546126E-01
9.547829E-01
9.549528E-01
9.551225E-01
9.552919E-01
9.554609E-01
9.556296E-01
9.557980E-01
9.559661E-01
9.561338E-01
9.563012E-01
9.564683E-01
9.566351E-01
9.568016E-01
9.569677E-01
9.571336E-01
9.572991E-01
9.574643E-01
9.576291E-01
9.577937E-01
9.579579E-01
9.581218E-01
9.582854E-01
9.584487E-01
9.586116E-01
9.587743E-01
9.589366E-01
9.590985E-01
9.592602E-01
9.594216E-01
9.595826E-01
9.597433E-01
9.599037E-01
9.600638E-01
9.602235E-01
9.603829E-01
9.605420E-01
9.607008E-01
9.608593E-01
9.610174E-01
9.611753E-01
9.613328E-01
9.614900E-01
9.616468E-01
9.618034E-01
9.619596E-01
9.621155E-01
9.622711E-01
9.624264E-01
9.625813E-01
9.627360E-01
9.628903E-01
9.630443E-01
9.631979E-01
9.633513E-01
9.635043E-01
9.636570E-01
9.638094E-01
9.639615E-01
9.641132E-01
9.642646E-01
9.644157E-01
9.645665E-01
9.647170E-01
9.648671E-01
9.650170E-01
9.651665E-01
9.653157E-01
9.654645E-01
9.656131E-01
9.657613E-01
9.659092E-01
9.660568E-01
9.662041E-01
9.663510E-01
9.664976E-01
9.666439E-01
9.667899E-01
9.669356E-01
9.670809E-01
9.672260E-01
9.673707E-01
9.675150E-01
9.676591E-01
9.678029E-01
9.679463E-01
9.680894E-01
9.682322E-01
9.683746E-01
9.685168E-01
9.686586E-01
9.688001E-01
9.689413E-01
9.690821E-01
9.692227E-01
9.693629E-01
9.695028E-01
9.696424E-01
9.697817E-01
9.699206E-01
9.700592E-01
9.701975E-01
9.703355E-01
9.704732E-01
9.706105E-01
9.707475E-01
9.708842E-01
9.710206E-01
9.711567E-01
9.712924E-01
9.714278E-01
9.715629E-01
9.716977E-01
9.718321E-01
9.719663E-01
9.721001E-01
9.722336E-01
9.723668E-01
9.724996E-01
9.726322E-01
9.727644E-01
9.728963E-01
9.730278E-01
9.731591E-01
9.732900E-01
9.734206E-01
9.735509E-01
9.736809E-01
9.738106E-01
9.739399E-01
9.740689E-01
9.741976E-01
9.743260E-01
9.744540E-01
9.745818E-01
9.747092E-01
9.748363E-01
9.749630E-01
9.750895E-01
9.752156E-01
9.753414E-01
9.754669E-01
9.755921E-01
9.757169E-01
9.758415E-01
9.759657E-01
9.760896E-01
9.762131E-01
9.763364E-01
9.764593E-01
9.765819E-01
9.767042E-01
9.768262E-01
9.769478E-01
9.770691E-01
9.771901E-01
9.773108E-01
9.774312E-01
9.775512E-01
9.776710E-01
9.777904E-01
9.779094E-01
9.780282E-01
9.781467E-01
9.782648E-01
9.783826E-01
9.785001E-01
9.786172E-01
9.787341E-01
9.788506E-01
9.789668E-01
9.790827E-01
9.791982E-01
9.793135E-01
9.794284E-01
9.795430E-01
9.796573E-01
9.797712E-01
9.798849E-01
9.799982E-01
9.801112E-01
9.802239E-01
9.803362E-01
9.804483E-01
9.805600E-01
9.806714E-01
9.807825E-01
9.808932E-01
9.810037E-01
9.811138E-01
9.812236E-01
9.813330E-01
9.814422E-01
9.815510E-01
9.816596E-01
9.817678E-01
9.818756E-01
9.819832E-01
9.820904E-01
9.821973E-01
9.823039E-01
9.824102E-01
9.825162E-01
9.826218E-01
9.827271E-01
9.828321E-01
9.829368E-01
9.830411E-01
9.831452E-01
9.832489E-01
9.833523E-01
9.834554E-01
9.835581E-01
9.836606E-01
9.837627E-01
9.838645E-01
9.839659E-01
9.840671E-01
9.841679E-01
9.842684E-01
9.843686E-01
9.844685E-01
9.845681E-01
9.846673E-01
9.847662E-01
9.848648E-01
9.849631E-01
9.850610E-01
9.851587E-01
9.852560E-01
9.853530E-01
9.854496E-01
9.855460E-01
9.856420E-01
9.857377E-01
9.858331E-01
9.859282E-01
9.860230E-01
9.861174E-01
9.862115E-01
9.863053E-01
9.863988E-01
9.864919E-01
9.865848E-01
9.866773E-01
9.867695E-01
9.868613E-01
9.869529E-01
9.870441E-01
9.871350E-01
9.872256E-01
9.873159E-01
9.874059E-01
9.874955E-01
9.875848E-01
9.876738E-01
9.877625E-01
9.878508E-01
9.879389E-01
9.880266E-01
9.881140E-01
9.882010E-01
9.882878E-01
9.883742E-01
9.884603E-01
9.885461E-01
9.886316E-01
9.887168E-01
9.888016E-01
9.888861E-01
9.889703E-01
9.890542E-01
9.891377E-01
9.892210E-01
9.893039E-01
9.893865E-01
9.894688E-01
9.895507E-01
9.896323E-01
9.897137E-01
9.897946E-01
9.898753E-01
9.899557E-01
9.900357E-01
9.901154E-01
9.901948E-01
9.902739E-01
9.903526E-01
9.904311E-01
9.905092E-01
9.905870E-01
9.906645E-01
9.907416E-01
9.908185E-01
9.908950E-01
9.909712E-01
9.910470E-01
9.911226E-01
9.911978E-01
9.912727E-01
9.913473E-01
9.914216E-01
9.914956E-01
9.915692E-01
9.916425E-01
9.917155E-01
9.917882E-01
9.918605E-01
9.919326E-01
9.920043E-01
9.920757E-01
9.921468E-01
9.922175E-01
9.922879E-01
9.923581E-01
9.924278E-01
9.924973E-01
9.925665E-01
9.926353E-01
9.927038E-01
9.927720E-01
9.928399E-01
9.929074E-01
9.929747E-01
9.930416E-01
9.931082E-01
9.931745E-01
9.932404E-01
9.933060E-01
9.933714E-01
9.934363E-01
9.935010E-01
9.935654E-01
9.936294E-01
9.936931E-01
9.937565E-01
9.938196E-01
9.938823E-01
9.939448E-01
9.940069E-01
9.940687E-01
9.941301E-01
9.941913E-01
9.942521E-01
9.943126E-01
9.943728E-01
9.944327E-01
9.944922E-01
9.945515E-01
9.946104E-01
9.946690E-01
9.947272E-01
9.947852E-01
9.948428E-01
9.949001E-01
9.949571E-01
9.950138E-01
9.950701E-01
9.951262E-01
9.951819E-01
9.952373E-01
9.952923E-01
9.953471E-01
9.954015E-01
9.954556E-01
9.955094E-01
9.955629E-01
9.956160E-01
9.956688E-01
9.957213E-01
9.957735E-01
9.958254E-01
9.958769E-01
9.959282E-01
9.959791E-01
9.960296E-01
9.960799E-01
9.961298E-01
9.961795E-01
9.962288E-01
9.962778E-01
9.963264E-01
9.963748E-01
9.964228E-01
9.964705E-01
9.965179E-01
9.965649E-01
9.966117E-01
9.966581E-01
9.967042E-01
9.967500E-01
9.967954E-01
9.968406E-01
9.968854E-01
9.969299E-01
9.969741E-01
9.970179E-01
9.970615E-01
9.971047E-01
9.971476E-01
9.971902E-01
9.972324E-01
9.972743E-01
9.973160E-01
9.973573E-01
9.973982E-01
9.974389E-01
9.974792E-01
9.975192E-01
9.975589E-01
9.975983E-01
9.976374E-01
9.976761E-01
9.977145E-01
9.977526E-01
9.977904E-01
9.978278E-01
9.978650E-01
9.979018E-01
9.979383E-01
9.979744E-01
9.980103E-01
9.980458E-01
9.980810E-01
9.981159E-01
9.981505E-01
9.981847E-01
9.982187E-01
9.982523E-01
9.982856E-01
9.983185E-01
9.983512E-01
9.983835E-01
9.984155E-01
9.984472E-01
9.984786E-01
9.985096E-01
9.985404E-01
9.985708E-01
9.986009E-01
9.986306E-01
9.986601E-01
9.986892E-01
9.987180E-01
9.987465E-01
9.987746E-01
9.988025E-01
9.988300E-01
9.988572E-01
9.988841E-01
9.989107E-01
9.989369E-01
9.989628E-01
9.989884E-01
9.990137E-01
9.990387E-01
9.990633E-01
9.990877E-01
9.991117E-01
9.991353E-01
9.991587E-01
9.991817E-01
9.992045E-01
9.992269E-01
9.992490E-01
9.992707E-01
9.992922E-01
9.993133E-01
9.993341E-01
9.993546E-01
9.993747E-01
9.993946E-01
9.994141E-01
9.994333E-01
9.994522E-01
9.994707E-01
9.994890E-01
9.995069E-01
9.995245E-01
9.995418E-01
9.995587E-01
9.995754E-01
9.995917E-01
9.996077E-01
9.996234E-01
9.996387E-01
9.996538E-01
9.996685E-01
9.996829E-01
9.996970E-01
9.997107E-01
9.997242E-01
9.997373E-01
9.997501E-01
9.997626E-01
9.997747E-01
9.997866E-01
9.997981E-01
9.998093E-01
9.998202E-01
9.998307E-01
9.998410E-01
9.998509E-01
9.998605E-01
9.998698E-01
9.998787E-01
9.998874E-01
9.998957E-01
9.999037E-01
9.999114E-01
9.999187E-01
9.999258E-01
9.999325E-01
9.999389E-01
9.999450E-01
9.999507E-01
9.999562E-01
9.999613E-01
9.999661E-01
9.999706E-01
9.999747E-01
9.999786E-01
9.999821E-01
9.999853E-01
9.999882E-01
9.999907E-01
9.999930E-01
9.999949E-01
9.999965E-01
9.999978E-01
9.999987E-01
9.999994E-01
9.999997E-01
9.999997E-01
9.999994E-01
9.999987E-01
9.999978E-01
9.999965E-01
9.999949E-01
9.999930E-01
9.999907E-01
9.999882E-01
9.999853E-01
9.999821E-01
9.999786E-01
9.999747E-01
9.999706E-01
9.999661E-01
9.999613E-01
9.999562E-01
9.999507E-01
9.999450E-01
9.999389E-01
9.999325E-01
9.999258E-01
9.999187E-01
9.999114E-01
9.999037E-01
9.998957E-01
9.998874E-01
9.998787E-01
9.998698E-01
9.998605E-01
9.998509E-01
9.998410E-01
9.998307E-01
9.998202E-01
9.998093E-01
9.997981E-01
9.997866E-01
9.997747E-01
9.997626E-01
9.997501E-01
9.997373E-01
9.997242E-01
9.997107E-01
9.996970E-01
9.996829E-01
9.996685E-01
9.996538E-01
9.996387E-01
9.996234E-01
9.996077E-01
9.995917E-01
9.995754E-01
9.995587E-01
9.995418E-01
9.995245E-01
9.995069E-01
9.994890E-01
9.994707E-01
9.994522E-01
9.994333E-01
9.994141E-01
9.993946E-01
9.993747E-01
9.993546E-01
9.993341E-01
9.993133E-01
9.992922E-01
9.992707E-01
9.992490E-01
9.992269E-01
9.992045E-01
9.991817E-01
9.991587E-01
9.991353E-01
9.991117E-01
9.990877E-01
9.990633E-01
9.990387E-01
9.990137E-01
9.989884E-01
9.989628E-01
9.989369E-01
9.989107E-01
9.988841E-01
9.988572E-01
9.988300E-01
9.988025E-01
9.987746E-01
9.987465E-01
9.987180E-01
9.986892E-01
9.986601E-01
9.986306E-01
9.986008E-01
9.985708E-01
9.985404E-01
9.985096E-01
9.984786E-01
9.984472E-01
9.984155E-01
9.983835E-01
9.983512E-01
9.983185E-01
9.982856E-01
9.982523E-01
9.982187E-01
9.981847E-01
9.981505E-01
9.981159E-01
9.980810E-01
9.980458E-01
9.980103E-01
9.979744E-01
9.979383E-01
9.979018E-01
9.978650E-01
9.978278E-01
9.977904E-01
9.977526E-01
9.977145E-01
9.976761E-01
9.976374E-01
9.975983E-01
9.975589E-01
9.975192E-01
9.974792E-01
9.974389E-01
9.973982E-01
9.973573E-01
9.973160E-01
9.972743E-01
9.972324E-01
9.971902E-01
9.971476E-01
9.971047E-01
9.970615E-01
9.970179E-01
9.969741E-01
9.969299E-01
9.968854E-01
9.968406E-01
9.967954E-01
9.967500E-01
9.967042E-01
9.966581E-01
9.966117E-01
9.965649E-01
9.965179E-01
9.964705E-01
9.964228E-01
9.963748E-01
9.963264E-01
9.962778E-01
9.962288E-01
9.961795E-01
9.961298E-01
9.960799E-01
9.960296E-01
9.959791E-01
9.959282E-01
9.958769E-01
9.958254E-01
9.957735E-01
9.957213E-01
9.956688E-01
9.956160E-01
9.955629E-01
9.955094E-01
9.954556E-01
9.954015E-01
9.953471E-01
9.952923E-01
9.952373E-01
9.951819E-01
9.951262E-01
9.950701E-01
9.950138E-01
9.949571E-01
9.949001E-01
9.948428E-01
9.947852E-01
9.947272E-01
9.946690E-01
9.946104E-01
9.945515E-01
9.944922E-01
9.944327E-01
9.943728E-01
9.943126E-01
9.942521E-01
9.941913E-01
9.941301E-01
9.940687E-01
9.940069E-01
9.939448E-01
9.938823E-01
9.938196E-01
9.937565E-01
9.936931E-01
9.936294E-01
9.935654E-01
9.935010E-01
9.934363E-01
9.933714E-01
9.933060E-01
9.932404E-01
9.931745E-01
9.931082E-01
9.930416E-01
9.929747E-01
9.929074E-01
9.928399E-01
9.927720E-01
9.927038E-01
9.926353E-01
9.925665E-01
9.924973E-01
9.924278E-01
9.923581E-01
9.922879E-01
9.922175E-01
9.921468E-01
9.920757E-01
9.920043E-01
9.919326E-01
9.918605E-01
9.917882E-01
9.917155E-01
9.916425E-01
9.915692E-01
9.914956E-01
9.914216E-01
9.913473E-01
9.912727E-01
9.911978E-01
9.911226E-01
9.910470E-01
9.909712E-01
9.908950E-01
9.908185E-01
9.907416E-01
9.906645E-01
9.905870E-01
9.905092E-01
9.904311E-01
9.903526E-01
9.902739E-01
9.901948E-01
9.901154E-01
9.900357E-01
9.899557E-01
9.898753E-01
9.897946E-01
9.897137E-01
9.896323E-01
9.895507E-01
9.894688E-01
9.893865E-01
9.893039E-01
9.892210E-01
9.891377E-01
9.890542E-01
9.889703E-01
9.888861E-01
9.888016E-01
9.887168E-01
9.886316E-01
9.885461E-01
9.884603E-01
9.883742E-01
9.882878E-01
9.882010E-01
9.881140E-01
9.880266E-01
9.879389E-01
9.878508E-01
9.877625E-01
9.876738E-01
9.875848E-01
9.874955E-01
9.874059E-01
9.873159E-01
9.872256E-01
9.871350E-01
9.870441E-01
9.869529E-01
9.868613E-01
9.867695E-01
9.866773E-01
9.865848E-01
9.864919E-01
9.863988E-01
9.863053E-01
9.862115E-01
9.861174E-01
9.860230E-01
9.859282E-01
9.858331E-01
9.857377E-01
9.856420E-01
9.855460E-01
9.854496E-01
9.853530E-01
9.852560E-01
9.851587E-01
9.850610E-01
9.849631E-01
9.848648E-01
9.847662E-01
9.846673E-01
9.845681E-01
9.844685E-01
9.843686E-01
9.842684E-01
9.841679E-01
9.840671E-01
9.839659E-01
9.838645E-01
9.837627E-01
9.836606E-01
9.835581E-01
9.834554E-01
9.833523E-01
9.832489E-01
9.831452E-01
9.830411E-01
9.829368E-01
9.828321E-01
9.827271E-01
9.826218E-01
9.825162E-01
9.824102E-01
9.823039E-01
9.821973E-01
9.820904E-01
9.819832E-01
9.818756E-01
9.817678E-01
9.816596E-01
9.815510E-01
9.814422E-01
9.813330E-01
9.812236E-01
9.811138E-01
9.810037E-01
9.808932E-01
9.807825E-01
9.806714E-01
9.805600E-01
9.804483E-01
9.803362E-01
9.802239E-01
9.801112E-01
9.799982E-01
9.798849E-01
9.797712E-01
9.796573E-01
9.795430E-01
9.794284E-01
9.793135E-01
9.791982E-01
9.790827E-01
9.789668E-01
9.788506E-01
9.787341E-01
9.786172E-01
9.785001E-01
9.783826E-01
9.782648E-01
9.781466E-01
9.780282E-01
9.779094E-01
9.777904E-01
9.776710E-01
9.775512E-01
9.774312E-01
9.773108E-01
9.771901E-01
9.770691E-01
9.769478E-01
9.768262E-01
9.767042E-01
9.765819E-01
9.764593E-01
9.763364E-01
9.762131E-01
9.760896E-01
9.759657E-01
9.758415E-01
9.757169E-01
9.755921E-01
9.754669E-01
9.753414E-01
9.752156E-01
9.750895E-01
9.749630E-01
9.748363E-01
9.747092E-01
9.745818E-01
9.744540E-01
9.743260E-01
9.741976E-01
9.740689E-01
9.739399E-01
9.738106E-01
9.736809E-01
9.735509E-01
9.734206E-01
9.732900E-01
9.731591E-01
9.730278E-01
9.728963E-01
9.727644E-01
9.726322E-01
9.724996E-01
9.723668E-01
9.722336E-01
9.721001E-01
9.719663E-01
9.718321E-01
9.716977E-01
9.715629E-01
9.714278E-01
9.712924E-01
9.711566E-01
9.710206E-01
9.708842E-01
9.707475E-01
9.706105E-01
9.704732E-01
9.703355E-01
9.701975E-01
9.700592E-01
9.699206E-01
9.697817E-01
9.696424E-01
9.695028E-01
9.693629E-01
9.692227E-01
9.690821E-01
9.689413E-01
9.688001E-01
9.686586E-01
9.685168E-01
9.683746E-01
9.682322E-01
9.680894E-01
9.679463E-01
9.678029E-01
9.676591E-01
9.675150E-01
9.673707E-01
9.672260E-01
9.670809E-01
9.669356E-01
9.667899E-01
9.666439E-01
9.664976E-01
9.663510E-01
9.662041E-01
9.660568E-01
9.659092E-01
9.657613E-01
9.656131E-01
9.654645E-01
9.653157E-01
9.651665E-01
9.650170E-01
9.648671E-01
9.647170E-01
9.645665E-01
9.644157E-01
9.642646E-01
9.641132E-01
9.639615E-01
9.638094E-01
9.636570E-01
9.635043E-01
9.633513E-01
9.631979E-01
9.630443E-01
9.628903E-01
9.627360E-01
9.625813E-01
9.624264E-01
9.622711E-01
9.621155E-01
9.619596E-01
9.618034E-01
9.616468E-01
9.614900E-01
9.613328E-01
9.611753E-01
9.610175E-01
9.608593E-01
9.607008E-01
9.605420E-01
9.603829E-01
9.602235E-01
9.600638E-01
9.599037E-01
9.597433E-01
9.595826E-01
9.594216E-01
9.592602E-01
9.590986E-01
9.589366E-01
9.587743E-01
9.586116E-01
9.584487E-01
9.582854E-01
9.581218E-01
9.579579E-01
9.577937E-01
9.576291E-01
9.574643E-01
9.572991E-01
9.571336E-01
9.569677E-01
9.568016E-01
9.566351E-01
9.564683E-01
9.563012E-01
9.561338E-01
9.559661E-01
9.557980E-01
9.556296E-01
9.554609E-01
9.552919E-01
9.551225E-01
9.549528E-01
9.547829E-01
9.546126E-01
9.544419E-01
9.542710E-01
9.540997E-01
9.539281E-01
9.537562E-01
9.535840E-01
9.534114E-01
9.532386E-01
9.530654E-01
9.528919E-01
9.527181E-01
9.525439E-01
9.523694E-01
9.521947E-01
9.520195E-01
9.518441E-01
9.516684E-01
9.514923E-01
9.513159E-01
9.511392E-01
9.509622E-01
9.507848E-01
9.506072E-01
9.504292E-01
9.502509E-01
9.500723E-01
9.498933E-01
9.497140E-01
9.495344E-01
9.493545E-01
9.491743E-01
9.489938E-01
9.488129E-01
9.486317E-01
9.484502E-01
9.482684E-01
9.480862E-01
9.479038E-01
9.477210E-01
9.475379E-01
9.473544E-01
9.471707E-01
9.469866E-01
9.468022E-01
9.466175E-01
9.464325E-01
9.462472E-01
9.460615E-01
9.458755E-01
9.456892E-01
9.455026E-01
9.453156E-01
9.451284E-01
9.449408E-01
9.447529E-01
9.445646E-01
9.443761E-01
9.441872E-01
9.439980E-01
9.438085E-01
9.436187E-01
9.434285E-01
9.432381E-01
9.430473E-01
9.428562E-01
9.426647E-01
9.424730E-01
9.422809E-01
9.420885E-01
9.418958E-01
9.417028E-01
9.415094E-01
9.413158E-01
9.411218E-01
9.409275E-01
9.407328E-01
9.405379E-01
9.403426E-01
9.401470E-01
9.399511E-01
9.397549E-01
9.395583E-01
9.393615E-01
9.391643E-01
9.389668E-01
9.387689E-01
9.385708E-01
9.383723E-01
9.381735E-01
9.379744E-01
9.377749E-01
9.375752E-01
9.373751E-01
9.371747E-01
9.369740E-01
9.367730E-01
9.365716E-01
9.363699E-01
9.361679E-01
9.359656E-01
9.357630E-01
9.355600E-01
9.353568E-01
9.351532E-01
9.349492E-01
9.347450E-01
9.345404E-01
9.343356E-01
9.341304E-01
9.339249E-01
9.337190E-01
9.335129E-01
9.333064E-01
9.330996E-01
9.328925E-01
9.326850E-01
9.324772E-01
9.322692E-01
9.320608E-01
9.318520E-01
9.316430E-01
9.314336E-01
9.312240E-01
9.310140E-01
9.308036E-01
9.305930E-01
9.303820E-01
9.301707E-01
9.299591E-01
9.297472E-01
9.295350E-01
9.293224E-01
9.291095E-01
9.288963E-01
9.286828E-01
9.284689E-01
9.282548E-01
9.280403E-01
9.278255E-01
9.276103E-01
9.273949E-01
9.271791E-01
9.269630E-01
9.267466E-01
9.265299E-01
9.263128E-01
9.260955E-01
9.258778E-01
9.256598E-01
9.254414E-01
9.252228E-01
9.250038E-01
9.247845E-01
9.245649E-01
9.243450E-01
9.241247E-01
9.239042E-01
9.236833E-01
9.234621E-01
9.232405E-01
9.230187E-01
9.227965E-01
9.225740E-01
9.223512E-01
9.221280E-01
9.219046E-01
9.216808E-01
9.214567E-01
9.212323E-01
9.210076E-01
9.207825E-01
9.205571E-01
9.203314E-01
9.201054E-01
9.198791E-01
9.196524E-01
9.194254E-01
9.191981E-01
9.189705E-01
9.187426E-01
9.185143E-01
9.182858E-01
9.180569E-01
9.178276E-01
9.175981E-01
9.173682E-01
9.171381E-01
9.169076E-01
9.166767E-01
9.164456E-01
9.162141E-01
9.159824E-01
9.157503E-01
9.155178E-01
9.152851E-01
9.150520E-01
9.148187E-01
9.145850E-01
9.143509E-01
9.141166E-01
9.138819E-01
9.136470E-01
9.134117E-01
9.131760E-01
9.129401E-01
9.127038E-01
9.124672E-01
9.122303E-01
9.119931E-01
9.117556E-01
9.115177E-01
9.112795E-01
9.110410E-01
9.108022E-01
9.105631E-01
9.103236E-01
9.100838E-01
9.098437E-01
9.096033E-01
9.093626E-01
9.091215E-01
9.088801E-01
9.086384E-01
9.083964E-01
9.081540E-01
9.079114E-01
9.076684E-01
9.074251E-01
9.071815E-01
9.069375E-01
9.066933E-01
9.064487E-01
9.062038E-01
9.059586E-01
9.057130E-01
9.054672E-01
9.052210E-01
9.049745E-01
9.047277E-01
9.044805E-01
9.042330E-01
9.039853E-01
9.037372E-01
9.034887E-01
9.032400E-01
9.029909E-01
9.027416E-01
9.024919E-01
9.022418E-01
9.019915E-01
9.017408E-01
9.014898E-01
9.012385E-01
9.009869E-01
9.007350E-01
9.004827E-01
9.002301E-01
8.999772E-01
8.997240E-01
8.994705E-01
8.992166E-01
8.989624E-01
8.987079E-01
8.984531E-01
8.981980E-01
8.979425E-01
8.976867E-01
8.974306E-01
8.971742E-01
8.969175E-01
8.966604E-01
8.964030E-01
8.961453E-01
8.958873E-01
8.956290E-01
8.953703E-01
8.951113E-01
8.948520E-01
8.945924E-01
8.943325E-01
8.940722E-01
8.938116E-01
8.935507E-01
8.932895E-01
8.930280E-01
8.927661E-01
8.925039E-01
8.922414E-01
8.919786E-01
8.917155E-01
8.914520E-01
8.911882E-01
8.909241E-01
8.906597E-01
8.903950E-01
8.901299E-01
8.898645E-01
8.895988E-01
8.893328E-01
8.890665E-01
8.887998E-01
8.885328E-01
8.882655E-01
8.879979E-01
8.877300E-01
8.874617E-01
8.871931E-01
8.869242E-01
8.866550E-01
8.863855E-01
8.861156E-01
8.858454E-01
8.855749E-01
8.853041E-01
8.850329E-01
8.847615E-01
8.844897E-01
8.842176E-01
8.839452E-01
8.836724E-01
8.833994E-01
8.831260E-01
8.828523E-01
8.825783E-01
8.823039E-01
8.820293E-01
8.817543E-01
8.814790E-01
8.812034E-01
8.809274E-01
8.806512E-01
8.803746E-01
8.800977E-01
8.798205E-01
8.795429E-01
8.792650E-01
8.789869E-01
8.787084E-01
8.784295E-01
8.781504E-01
8.778709E-01
8.775911E-01
8.773110E-01
8.770306E-01
8.767499E-01
8.764688E-01
8.761874E-01
8.759057E-01
8.756237E-01
8.753413E-01
8.750587E-01
8.747757E-01
8.744924E-01
8.742087E-01
8.739248E-01
8.736405E-01
8.733559E-01
8.730710E-01
8.727858E-01
8.725003E-01
8.722144E-01
8.719282E-01
8.716417E-01
8.713549E-01
8.710677E-01
8.707802E-01
8.704925E-01
8.702043E-01
8.699159E-01
8.696272E-01
8.693381E-01
8.690487E-01
8.687590E-01
8.684689E-01
8.681786E-01
8.678879E-01
8.675969E-01
8.673056E-01
8.670140E-01
8.667220E-01
8.664297E-01
8.661372E-01
8.658442E-01
8.655510E-01
8.652574E-01
8.649636E-01
8.646694E-01
8.643749E-01
8.640800E-01
8.637849E-01
8.634894E-01
8.631936E-01
8.628975E-01
8.626010E-01
8.623043E-01
8.620072E-01
8.617098E-01
8.614121E-01
8.611140E-01
8.608157E-01
8.605170E-01
8.602180E-01
8.599187E-01
8.596190E-01
8.593191E-01
8.590188E-01
8.587182E-01
8.584172E-01
8.581160E-01
8.578144E-01
8.575126E-01
8.572103E-01
8.569078E-01
8.566050E-01
8.563018E-01
8.559983E-01
8.556945E-01
8.553904E-01
8.550859E-01
8.547812E-01
8.544761E-01
8.541707E-01
8.538650E-01
8.535589E-01
8.532525E-01
8.529458E-01
8.526388E-01
8.523315E-01
8.520239E-01
8.517159E-01
8.514076E-01
8.510990E-01
8.507901E-01
8.504808E-01
8.501712E-01
8.498613E-01
8.495511E-01
8.492406E-01
8.489297E-01
8.486186E-01
8.483071E-01
8.479953E-01
8.476831E-01
8.473707E-01
8.470579E-01
8.467448E-01
8.464314E-01
8.461177E-01
8.458036E-01
8.454892E-01
8.451745E-01
8.448595E-01
8.445442E-01
8.442285E-01
8.439126E-01
8.435963E-01
8.432797E-01
8.429627E-01
8.426455E-01
8.423279E-01
8.420100E-01
8.416918E-01
8.413732E-01
8.410544E-01
8.407352E-01
8.404157E-01
8.400959E-01
8.397758E-01
8.394553E-01
8.391345E-01
8.388134E-01
8.384920E-01
8.381703E-01
8.378482E-01
8.375259E-01
8.372032E-01
8.368801E-01
8.365568E-01
8.362331E-01
8.359092E-01
8.355849E-01
8.352603E-01
8.349353E-01
8.346101E-01
8.342845E-01
8.339586E-01
8.336324E-01
8.333058E-01
8.329790E-01
8.326518E-01
8.323243E-01
8.319965E-01
8.316683E-01
8.313399E-01
8.310111E-01
8.306820E-01
8.303526E-01
8.300229E-01
8.296928E-01
8.293624E-01
8.290317E-01
8.287007E-01
8.283694E-01
8.280377E-01
8.277058E-01
8.273735E-01
8.270408E-01
8.267079E-01
8.263746E-01
8.260411E-01
8.257072E-01
8.253730E-01
8.250384E-01
8.247036E-01
8.243684E-01
8.240329E-01
8.236971E-01
8.233609E-01
8.230245E-01
8.226877E-01
8.223506E-01
8.220132E-01
8.216755E-01
8.213374E-01
8.209990E-01
8.206603E-01
8.203213E-01
8.199820E-01
8.196423E-01
8.193024E-01
8.189621E-01
8.186215E-01
8.182805E-01
8.179393E-01
8.175977E-01
8.172558E-01
8.169136E-01
8.165711E-01
8.162282E-01
8.158850E-01
8.155415E-01
8.151977E-01
8.148536E-01
8.145091E-01
8.141644E-01
8.138193E-01
8.134739E-01
8.131281E-01
8.127821E-01
8.124357E-01
8.120890E-01
8.117420E-01
8.113947E-01
8.110470E-01
8.106990E-01
8.103507E-01
8.100021E-01
8.096532E-01
8.093039E-01
8.089544E-01
8.086045E-01
8.082543E-01
8.079037E-01
8.075529E-01
8.072017E-01
8.068502E-01
8.064984E-01
8.061463E-01
8.057938E-01
8.054410E-01
8.050880E-01
8.047345E-01
8.043808E-01
8.040268E-01
8.036724E-01
8.033177E-01
8.029627E-01
8.026073E-01
8.022517E-01
8.018957E-01
8.015394E-01
8.011828E-01
8.008259E-01
8.004686E-01
8.001110E-01
7.997532E-01
7.993949E-01
7.990364E-01
7.986775E-01
7.983184E-01
7.979589E-01
7.975991E-01
7.972389E-01
7.968785E-01
7.965177E-01
7.961566E-01
7.957952E-01
7.954335E-01
7.950714E-01
7.947090E-01
7.943463E-01
7.939833E-01
7.936200E-01
7.932563E-01
7.928923E-01
7.925280E-01
7.921634E-01
7.917985E-01
7.914332E-01
7.910676E-01
7.907017E-01
7.903355E-01
7.899690E-01
7.896021E-01
7.892350E-01
7.888675E-01
7.884996E-01
7.881315E-01
7.877630E-01
7.873942E-01
7.870251E-01
7.866557E-01
7.862860E-01
7.859159E-01
7.855455E-01
7.851748E-01
7.848038E-01
7.844325E-01
7.840608E-01
7.836888E-01
7.833165E-01
7.829439E-01
7.825710E-01
7.821977E-01
7.818241E-01
7.814502E-01
7.810760E-01
7.807014E-01
7.803266E-01
7.799514E-01
7.795759E-01
7.792000E-01
7.788239E-01
7.784474E-01
7.780706E-01
7.776935E-01
7.773161E-01
7.769383E-01
7.765603E-01
7.761819E-01
7.758032E-01
7.754241E-01
7.750448E-01
7.746651E-01
7.742851E-01
7.739048E-01
7.735242E-01
7.731432E-01
7.727619E-01
7.723803E-01
7.719984E-01
7.716162E-01
7.712336E-01
7.708508E-01
7.704676E-01
7.700841E-01
7.697002E-01
7.693161E-01
7.689316E-01
7.685468E-01
7.681617E-01
7.677762E-01
7.673905E-01
7.670044E-01
7.666180E-01
7.662313E-01
7.658442E-01
7.654569E-01
7.650692E-01
7.646812E-01
7.642929E-01
7.639042E-01
7.635153E-01
7.631260E-01
7.627364E-01
7.623465E-01
7.619562E-01
7.615656E-01
7.611748E-01
7.607836E-01
7.603920E-01
7.600002E-01
7.596080E-01
7.592155E-01
7.588227E-01
7.584296E-01
7.580362E-01
7.576424E-01
7.572483E-01
7.568539E-01
7.564592E-01
7.560641E-01
7.556688E-01
7.552731E-01
7.548771E-01
7.544807E-01
7.540841E-01
7.536871E-01
7.532898E-01
7.528922E-01
7.524943E-01
7.520960E-01
7.516975E-01
7.512986E-01
7.508994E-01
7.504999E-01
7.501000E-01
7.496998E-01
7.492993E-01
7.488985E-01
7.484974E-01
7.480960E-01
7.476942E-01
7.472921E-01
7.468897E-01
7.464869E-01
7.460839E-01
7.456805E-01
7.452768E-01
7.448728E-01
7.444685E-01
7.440638E-01
7.436589E-01
7.432536E-01
7.428480E-01
7.424420E-01
7.420358E-01
7.416292E-01
7.412223E-01
7.408151E-01
7.404076E-01
7.399997E-01
7.395916E-01
7.391831E-01
7.387743E-01
7.383651E-01
7.379557E-01
7.375459E-01
7.371358E-01
7.367254E-01
7.363147E-01
7.359036E-01
7.354922E-01
7.350806E-01
7.346685E-01
7.342562E-01
7.338436E-01
7.334306E-01
7.330173E-01
7.326037E-01
7.321898E-01
7.317755E-01
7.313609E-01
7.309460E-01
7.305308E-01
7.301153E-01
7.296995E-01
7.292833E-01
7.288668E-01
7.284500E-01
7.280329E-01
7.276154E-01
7.271976E-01
7.267795E-01
7.263611E-01
7.259424E-01
7.255234E-01
7.251040E-01
7.246843E-01
7.242643E-01
7.238440E-01
7.234233E-01
7.230023E-01
7.225811E-01
7.221594E-01
7.217375E-01
7.213153E-01
7.208927E-01
7.204698E-01
7.200466E-01
7.196231E-01
7.191992E-01
7.187751E-01
7.183506E-01
7.179258E-01
7.175006E-01
7.170752E-01
7.166494E-01
7.162233E-01
7.157969E-01
7.153702E-01
7.149432E-01
7.145158E-01
7.140881E-01
7.136601E-01
7.132318E-01
7.128031E-01
7.123742E-01
7.119449E-01
7.115153E-01
7.110854E-01
7.106551E-01
7.102245E-01
7.097937E-01
7.093625E-01
7.089309E-01
7.084991E-01
7.080669E-01
7.076344E-01
7.072016E-01
7.067685E-01
7.063351E-01
7.059013E-01
7.054672E-01
7.050328E-01
7.045981E-01
7.041630E-01
7.037277E-01
7.032920E-01
7.028560E-01
7.024197E-01
7.019830E-01
7.015461E-01
7.011088E-01
7.006712E-01
7.002332E-01
6.997950E-01
6.993564E-01
6.989175E-01
6.984783E-01
6.980388E-01
6.975990E-01
6.971588E-01
6.967183E-01
6.962775E-01
6.958364E-01
6.953949E-01
6.949532E-01
6.945111E-01
6.940687E-01
6.936260E-01
6.931829E-01
6.927395E-01
6.922959E-01
6.918518E-01
6.914075E-01
6.909629E-01
6.905179E-01
6.900726E-01
6.896270E-01
6.891811E-01
6.887348E-01
6.882883E-01
6.878414E-01
6.873942E-01
6.869466E-01
6.864988E-01
6.860506E-01
6.856021E-01
6.851533E-01
6.847042E-01
6.842547E-01
6.838050E-01
6.833549E-01
6.829045E-01
6.824537E-01
6.820027E-01
6.815513E-01
6.810996E-01
6.806476E-01
6.801953E-01
6.797426E-01
6.792896E-01
6.788364E-01
6.783827E-01
6.779288E-01
6.774745E-01
6.770200E-01
6.765651E-01
6.761099E-01
6.756543E-01
6.751985E-01
6.747423E-01
6.742858E-01
6.738290E-01
6.733718E-01
6.729144E-01
6.724566E-01
6.719985E-01
6.715401E-01
6.710813E-01
6.706223E-01
6.701629E-01
6.697032E-01
6.692432E-01
6.687828E-01
6.683222E-01
6.678612E-01
6.673999E-01
6.669383E-01
6.664763E-01
6.660140E-01
6.655515E-01
6.650886E-01
6.646253E-01
6.641618E-01
6.636979E-01
6.632337E-01
6.627692E-01
6.623044E-01
6.618392E-01
6.613738E-01
6.609080E-01
6.604419E-01
6.599754E-01
6.595087E-01
6.590416E-01
6.585742E-01
6.581065E-01
6.576385E-01
6.571701E-01
6.567015E-01
6.562325E-01
6.557632E-01
6.552935E-01
6.548236E-01
6.543533E-01
6.538827E-01
6.534118E-01
6.529406E-01
6.524690E-01
6.519971E-01
6.515249E-01
6.510524E-01
6.505796E-01
6.501064E-01
6.496329E-01
6.491591E-01
6.486850E-01
6.482106E-01
6.477358E-01
6.472607E-01
6.467853E-01
6.463096E-01
6.458336E-01
6.453572E-01
6.448805E-01
6.444035E-01
6.439262E-01
6.434486E-01
6.429706E-01
6.424923E-01
6.420137E-01
6.415348E-01
6.410556E-01
6.405760E-01
6.400961E-01
6.396159E-01
6.391354E-01
6.386545E-01
6.381734E-01
6.376919E-01
6.372101E-01
6.367280E-01
6.362455E-01
6.357628E-01
6.352797E-01
6.347963E-01
6.343125E-01
6.338285E-01
6.333441E-01
6.328594E-01
6.323744E-01
6.318891E-01
6.314035E-01
6.309175E-01
6.304312E-01
6.299446E-01
6.294577E-01
6.289704E-01
6.284829E-01
6.279950E-01
6.275068E-01
6.270182E-01
6.265294E-01
6.260402E-01
6.255507E-01
6.250609E-01
6.245708E-01
6.240804E-01
6.235896E-01
6.230985E-01
6.226071E-01
6.221154E-01
6.216233E-01
6.211310E-01
6.206383E-01
6.201453E-01
6.196519E-01
6.191583E-01
6.186643E-01
6.181701E-01
6.176754E-01
6.171805E-01
6.166853E-01
6.161897E-01
6.156938E-01
6.151976E-01
6.147011E-01
6.142042E-01
6.137071E-01
6.132096E-01
6.127118E-01
6.122137E-01
6.117152E-01
6.112165E-01
6.107174E-01
6.102180E-01
6.097183E-01
6.092182E-01
6.087178E-01
6.082172E-01
6.077162E-01
6.072148E-01
6.067132E-01
6.062112E-01
6.057089E-01
6.052063E-01
6.047034E-01
6.042002E-01
6.036966E-01
6.031927E-01
6.026885E-01
6.021840E-01
6.016792E-01
6.011740E-01
6.006685E-01
6.001627E-01
5.996566E-01
5.991502E-01
5.986434E-01
5.981363E-01
5.976289E-01
5.971212E-01
5.966132E-01
5.961048E-01
5.955961E-01
5.950871E-01
5.945778E-01
5.940682E-01
5.935582E-01
5.930479E-01
5.925374E-01
5.920264E-01
5.915152E-01
5.910036E-01
5.904918E-01
5.899796E-01
5.894670E-01
5.889542E-01
5.884411E-01
5.879276E-01
5.874138E-01
5.868997E-01
5.863852E-01
5.858705E-01
5.853554E-01
5.848400E-01
5.843243E-01
5.838082E-01
5.832919E-01
5.827752E-01
5.822582E-01
5.817409E-01
5.812233E-01
5.807053E-01
5.801870E-01
5.796684E-01
5.791495E-01
5.786303E-01
5.781107E-01
5.775909E-01
5.770707E-01
5.765501E-01
5.760293E-01
5.755082E-01
5.749867E-01
5.744649E-01
5.739428E-01
5.734203E-01
5.728976E-01
5.723745E-01
5.718511E-01
5.713274E-01
5.708034E-01
5.702790E-01
5.697543E-01
5.692293E-01
5.687040E-01
5.681784E-01
5.676524E-01
5.671261E-01
5.665995E-01
5.660726E-01
5.655454E-01
5.650178E-01
5.644899E-01
5.639617E-01
5.634332E-01
5.629044E-01
5.623752E-01
5.618458E-01
5.613160E-01
5.607858E-01
5.602554E-01
5.597246E-01
5.591936E-01
5.586622E-01
5.581304E-01
5.575984E-01
5.570660E-01
5.565333E-01
5.560003E-01
5.554670E-01
5.549334E-01
5.543994E-01
5.538651E-01
5.533305E-01
5.527956E-01
5.522604E-01
5.517248E-01
5.511889E-01
5.506527E-01
5.501162E-01
5.495793E-01
5.490422E-01
5.485047E-01
5.479669E-01
5.474287E-01
5.468903E-01
5.463515E-01
5.458124E-01
5.452730E-01
5.447333E-01
5.441932E-01
5.436529E-01
5.431122E-01
5.425712E-01
5.420298E-01
5.414882E-01
5.409462E-01
5.404039E-01
5.398613E-01
5.393184E-01
5.387751E-01
5.382315E-01
5.376876E-01
5.371434E-01
5.365989E-01
5.360540E-01
5.355088E-01
5.349633E-01
5.344175E-01
5.338714E-01
5.333249E-01
5.327781E-01
5.322310E-01
5.316836E-01
5.311359E-01
5.305878E-01
5.300394E-01
5.294907E-01
5.289417E-01
5.283924E-01
5.278427E-01
5.272927E-01
5.267424E-01
5.261918E-01
5.256408E-01
5.250896E-01
5.245380E-01
5.239861E-01
5.234338E-01
5.228813E-01
5.223284E-01
5.217752E-01
5.212217E-01
5.206679E-01
5.201137E-01
5.195593E-01
5.190045E-01
5.184494E-01
5.178939E-01
5.173382E-01
5.167821E-01
5.162257E-01
5.156690E-01
5.151119E-01
5.145546E-01
5.139969E-01
5.134389E-01
5.128806E-01
5.123220E-01
5.117630E-01
5.112037E-01
5.106441E-01
5.100842E-01
5.095240E-01
5.089634E-01
5.084025E-01
5.078413E-01
5.072798E-01
5.067180E-01
5.061558E-01
5.055934E-01
5.050306E-01
5.044674E-01
5.039040E-01
5.033402E-01
5.027762E-01
5.022117E-01
5.016470E-01
5.010820E-01
5.005166E-01
4.999509E-01
4.993849E-01
4.988186E-01
4.982520E-01
4.976850E-01
4.971177E-01
4.965501E-01
4.959822E-01
4.954140E-01
4.948454E-01
4.942765E-01
4.937073E-01
4.931378E-01
4.925680E-01
4.919978E-01
4.914273E-01
4.908565E-01
4.902854E-01
4.897139E-01
4.891422E-01
4.885701E-01
4.879977E-01
4.874250E-01
4.868519E-01
4.862786E-01
4.857049E-01
4.851309E-01
4.845566E-01
4.839819E-01
4.834070E-01
4.828317E-01
4.822561E-01
4.816802E-01
4.811039E-01
4.805274E-01
4.799505E-01
4.793733E-01
4.787958E-01
4.782179E-01
4.776398E-01
4.770613E-01
4.764825E-01
4.759034E-01
4.753239E-01
4.747442E-01
4.741641E-01
4.735837E-01
4.730030E-01
4.724219E-01
4.718406E-01
4.712589E-01
4.706769E-01
4.700946E-01
4.695120E-01
4.689290E-01
4.683457E-01
4.677621E-01
4.671782E-01
4.665940E-01
4.660094E-01
4.654245E-01
4.648394E-01
4.642538E-01
4.636680E-01
4.630819E-01
4.624954E-01
4.619086E-01
4.613215E-01
4.607340E-01
4.601463E-01
4.595582E-01
4.589698E-01
4.583811E-01
4.577921E-01
4.572027E-01
4.566131E-01
4.560231E-01
4.554328E-01
4.548421E-01
4.542512E-01
4.536599E-01
4.530683E-01
4.524764E-01
4.518842E-01
4.512916E-01
4.506988E-01
4.501056E-01
4.495121E-01
4.489182E-01
4.483241E-01
4.477296E-01
4.471348E-01
4.465397E-01
4.459443E-01
4.453486E-01
4.447525E-01
4.441561E-01
4.435594E-01
4.429624E-01
4.423650E-01
4.417674E-01
4.411694E-01
4.405711E-01
4.399725E-01
4.393735E-01
4.387742E-01
4.381747E-01
4.375748E-01
4.369745E-01
4.363740E-01
4.357731E-01
4.351719E-01
4.345704E-01
4.339686E-01
4.333665E-01
4.327640E-01
4.321612E-01
4.315581E-01
4.309547E-01
4.303509E-01
4.297469E-01
4.291425E-01
4.285378E-01
4.279328E-01
4.273274E-01
4.267218E-01
4.261158E-01
4.255095E-01
4.249028E-01
4.242959E-01
4.236886E-01
4.230810E-01
4.224731E-01
4.218649E-01
4.212564E-01
4.206475E-01
4.200383E-01
4.194288E-01
4.188190E-01
4.182088E-01
4.175984E-01
4.169876E-01
4.163765E-01
4.157650E-01
4.151533E-01
4.145412E-01
4.139288E-01
4.133161E-01
4.127031E-01
4.120897E-01
4.114761E-01
4.108621E-01
4.102478E-01
4.096331E-01
4.090182E-01
4.084029E-01
4.077873E-01
4.071714E-01
4.065552E-01
4.059386E-01
4.053217E-01
4.047045E-01
4.040870E-01
4.034692E-01
4.028510E-01
4.022325E-01
4.016137E-01
4.009946E-01
4.003752E-01
3.997554E-01
3.991353E-01
3.985149E-01
3.978942E-01
3.972732E-01
3.966518E-01
3.960301E-01
3.954081E-01
3.947858E-01
3.941632E-01
3.935402E-01
3.929169E-01
3.922933E-01
3.916694E-01
3.910451E-01
3.904206E-01
3.897957E-01
3.891705E-01
3.885449E-01
3.879191E-01
3.872929E-01
3.866664E-01
3.860396E-01
3.854125E-01
3.847850E-01
3.841572E-01
3.835292E-01
3.829007E-01
3.822720E-01
3.816429E-01
3.810136E-01
3.803839E-01
3.797539E-01
3.791235E-01
3.784929E-01
3.778619E-01
3.772306E-01
3.765990E-01
3.759670E-01
3.753347E-01
3.747022E-01
3.740693E-01
3.734360E-01
3.728025E-01
3.721686E-01
3.715344E-01
3.708999E-01
3.702651E-01
3.696300E-01
3.689945E-01
3.683587E-01
3.677226E-01
3.670862E-01
3.664494E-01
3.658123E-01
3.651750E-01
3.645372E-01
3.638992E-01
3.632609E-01
3.626222E-01
3.619832E-01
3.613439E-01
3.607042E-01
3.600643E-01
3.594240E-01
3.587834E-01
3.581425E-01
3.575013E-01
3.568597E-01
3.562178E-01
3.555756E-01
3.549331E-01
3.542903E-01
3.536471E-01
3.530037E-01
3.523599E-01
3.517157E-01
3.510713E-01
3.504266E-01
3.497815E-01
3.491361E-01
3.484904E-01
3.478443E-01
3.471980E-01
3.465513E-01
3.459043E-01
3.452570E-01
3.446093E-01
3.439614E-01
3.433131E-01
3.426645E-01
3.420156E-01
3.413663E-01
3.407168E-01
3.400669E-01
3.394167E-01
3.387662E-01
3.381153E-01
3.374642E-01
3.368127E-01
3.361609E-01
3.355088E-01
3.348563E-01
3.342036E-01
3.335505E-01
3.328971E-01
3.322434E-01
3.315893E-01
3.309350E-01
3.302803E-01
3.296253E-01
3.289700E-01
3.283144E-01
3.276584E-01
3.270021E-01
3.263455E-01
3.256886E-01
3.250314E-01
3.243738E-01
3.237160E-01
3.230578E-01
3.223992E-01
3.217404E-01
3.210813E-01
3.204218E-01
3.197620E-01
3.191019E-01
3.184414E-01
3.177807E-01
3.171196E-01
3.164582E-01
3.157965E-01
3.151345E-01
3.144721E-01
3.138095E-01
3.131465E-01
3.124832E-01
3.118196E-01
3.111556E-01
3.104913E-01
3.098268E-01
3.091618E-01
3.084966E-01
3.078311E-01
3.071652E-01
3.064990E-01
3.058325E-01
3.051657E-01
3.044986E-01
3.038311E-01
3.031633E-01
3.024952E-01
3.018268E-01
3.011580E-01
3.004890E-01
2.998196E-01
2.991499E-01
2.984799E-01
2.978096E-01
2.971389E-01
2.964679E-01
2.957966E-01
2.951250E-01
2.944531E-01
2.937808E-01
2.931082E-01
2.924353E-01
2.917621E-01
2.910886E-01
2.904147E-01
2.897406E-01
2.890661E-01
2.883913E-01
2.877161E-01
2.870407E-01
2.863649E-01
2.856888E-01
2.850124E-01
2.843357E-01
2.836586E-01
2.829812E-01
2.823036E-01
2.816255E-01
2.809472E-01
2.802686E-01
2.795896E-01
2.789103E-01
2.782307E-01
2.775508E-01
2.768705E-01
2.761899E-01
2.755091E-01
2.748278E-01
2.741463E-01
2.734645E-01
2.727823E-01
2.720998E-01
2.714170E-01
2.707339E-01
2.700504E-01
2.693667E-01
2.686826E-01
2.679982E-01
2.673134E-01
2.666284E-01
2.659430E-01
2.652573E-01
2.645713E-01
2.638850E-01
2.631983E-01
2.625114E-01
2.618241E-01
2.611365E-01
2.604485E-01
2.597603E-01
2.590717E-01
2.583828E-01
2.576936E-01
2.570041E-01
2.563142E-01
2.556240E-01
2.549335E-01
2.542427E-01
2.535516E-01
2.528601E-01
2.521684E-01
2.514763E-01
2.507838E-01
2.500911E-01
2.493980E-01
2.487047E-01
2.480110E-01
2.473169E-01
2.466226E-01
2.459279E-01
2.452330E-01
2.445377E-01
2.438420E-01
2.431461E-01
2.424498E-01
2.417532E-01
2.410563E-01
2.403591E-01
2.396616E-01
2.389637E-01
2.382655E-01
2.375670E-01
2.368682E-01
2.361690E-01
2.354695E-01
2.347697E-01
2.340696E-01
2.333692E-01
2.326684E-01
2.319674E-01
2.312660E-01
2.305642E-01
2.298622E-01
2.291598E-01
2.284572E-01
2.277542E-01
2.270508E-01
2.263472E-01
2.256432E-01
2.249389E-01
2.242343E-01
2.235294E-01
2.228242E-01
2.221186E-01
2.214127E-01
2.207065E-01
2.200000E-01
2.192931E-01
2.185859E-01
2.178784E-01
2.171706E-01
2.164625E-01
2.157540E-01
2.150453E-01
2.143362E-01
2.136267E-01
2.129170E-01
2.122069E-01
2.114966E-01
2.107859E-01
2.100748E-01
2.093635E-01
2.086518E-01
2.079398E-01
2.072275E-01
2.065149E-01
2.058020E-01
2.050887E-01
2.043751E-01
2.036612E-01
2.029470E-01
2.022324E-01
2.015175E-01
2.008023E-01
2.000868E-01
1.993710E-01
1.986548E-01
1.979384E-01
1.972216E-01
1.965045E-01
1.957870E-01
1.950693E-01
1.943512E-01
1.936328E-01
1.929141E-01
1.921950E-01
1.914757E-01
1.907560E-01
1.900360E-01
1.893157E-01
1.885950E-01
1.878741E-01
1.871528E-01
1.864312E-01
1.857093E-01
1.849870E-01
1.842645E-01
1.835416E-01
1.828184E-01
1.820949E-01
1.813710E-01
1.806469E-01
1.799224E-01
1.791976E-01
1.784725E-01
1.777470E-01
1.770213E-01
1.762952E-01
1.755688E-01
1.748421E-01
1.741150E-01
1.733877E-01
1.726600E-01
1.719320E-01
1.712037E-01
1.704751E-01
1.697461E-01
1.690168E-01
1.682872E-01
1.675573E-01
1.668271E-01
1.660965E-01
1.653657E-01
1.646345E-01
1.639030E-01
1.631711E-01
1.624390E-01
1.617065E-01
1.609737E-01
1.602406E-01
1.595072E-01
1.587734E-01
1.580394E-01
1.573050E-01
1.565703E-01
1.558353E-01
1.550999E-01
1.543643E-01
1.536283E-01
1.528920E-01
1.521554E-01
1.514184E-01
1.506812E-01
1.499436E-01
1.492057E-01
1.484675E-01
1.477289E-01
1.469901E-01
1.462509E-01
1.455114E-01
1.447716E-01
1.440315E-01
1.432911E-01
1.425503E-01
1.418092E-01
1.410678E-01
1.403261E-01
1.395840E-01
1.388417E-01
1.380990E-01
1.373560E-01
1.366127E-01
1.358690E-01
1.351251E-01
1.343808E-01
1.336362E-01
1.328913E-01
1.321461E-01
1.314005E-01
1.306547E-01
1.299085E-01
1.291620E-01
1.284151E-01
1.276680E-01
1.269205E-01
1.261727E-01
1.254246E-01
1.246762E-01
1.239275E-01
1.231784E-01
1.224290E-01
1.216793E-01
1.209293E-01
1.201790E-01
1.194283E-01
1.186773E-01
1.179260E-01
1.171744E-01
1.164225E-01
1.156702E-01
1.149176E-01
1.141647E-01
1.134115E-01
1.126580E-01
1.119041E-01
1.111499E-01
1.103954E-01
1.096406E-01
1.088855E-01
1.081300E-01
1.073742E-01
1.066181E-01
1.058617E-01
1.051050E-01
1.043479E-01
1.035906E-01
1.028329E-01
1.020748E-01
1.013165E-01
1.005578E-01
9.979884E-02
9.903954E-02
9.827991E-02
9.751997E-02
9.675970E-02
9.599911E-02
9.523820E-02
9.447697E-02
9.371542E-02
9.295355E-02
9.219135E-02
9.142884E-02
9.066600E-02
8.990284E-02
8.913936E-02
8.837556E-02
8.761143E-02
8.684699E-02
8.608222E-02
8.531713E-02
8.455172E-02
8.378599E-02
8.301993E-02
8.225355E-02
8.148685E-02
8.071983E-02
7.995249E-02
7.918482E-02
7.841683E-02
7.764852E-02
7.687989E-02
7.611094E-02
7.534166E-02
7.457206E-02
7.380214E-02
7.303189E-02
7.226133E-02
7.149044E-02
7.071922E-02
6.994769E-02
6.917583E-02
6.840365E-02
6.763115E-02
6.685833E-02
6.608518E-02
6.531171E-02
6.453792E-02
6.376380E-02
6.298936E-02
6.221461E-02
6.143952E-02
6.066412E-02
5.988839E-02
5.911234E-02
5.833597E-02
5.755928E-02
5.678226E-02
5.600493E-02
5.522727E-02
5.444929E-02
5.367098E-02
5.289236E-02
5.211341E-02
5.133415E-02
5.055456E-02
4.977465E-02
4.899442E-02
4.821387E-02
4.743299E-02
4.665180E-02
4.587029E-02
4.508845E-02
4.430630E-02
4.352383E-02
4.274103E-02
4.195792E-02
4.117449E-02
4.039073E-02
3.960666E-02
3.882227E-02
3.803757E-02
3.725254E-02
3.646720E-02
3.568154E-02
3.489556E-02
3.410926E-02
3.332265E-02
3.253572E-02
3.174848E-02
3.096092E-02
3.017304E-02
2.938485E-02
2.859635E-02
2.780753E-02
2.701840E-02
2.622895E-02
2.543920E-02
2.464912E-02
2.385874E-02
2.306805E-02
2.227704E-02
2.148573E-02
2.069410E-02
1.990217E-02
1.910993E-02
1.831738E-02
1.752452E-02
1.673135E-02
1.593788E-02
1.514410E-02
1.435002E-02
1.355563E-02
1.276094E-02
1.196594E-02
1.117065E-02
1.037505E-02
9.579151E-03
8.782952E-03
7.986454E-03
7.189658E-03
6.392563E-03
5.595172E-03
4.797485E-03
3.999504E-03
3.201228E-03
2.402658E-03
1.603797E-03
8.046446E-04
2.600910E-06
