0.000000E+00
9.750126E-02
1.900026E-01
2.774645E-01
3.600978E-01
4.373781E-01
5.100416E-01
5.776050E-01
6.398111E-01
6.976252E-01
7.500365E-01
7.973194E-01
8.402120E-01
8.774042E-01
9.098996E-01
9.377347E-01
9.597896E-01
9.775433E-01
9.901577E-01
9.972433E-01
1.000182E+00
9.975150E-01
9.898005E-01
9.777485E-01
9.598688E-01
9.374297E-01
9.102162E-01
8.772886E-01
8.400671E-01
7.976124E-01
7.497973E-01
6.976477E-01
6.400000E-01
5.773687E-01
5.101577E-01
4.374379E-01
3.599330E-01
2.776077E-01
1.899409E-01
9.751220E-02
0.000000E+00
